1 1.138328
2 1.117819
3 1.106643
4 1.098729
5 1.094825
6 1.090132
7 1.085980
8 1.081726
9 1.076980
10 1.072833
11 1.068420
12 1.063098
13 1.059509
14 1.054893
15 1.051014
16 1.047691
17 1.045562
18 1.041824
19 1.039475
20 1.036016
21 1.033169
22 1.029965
23 1.027539
24 1.024578
25 1.022656
26 1.021126
27 1.019049
28 1.017703
29 1.015644
30 1.014262
31 1.013206
32 1.013158
33 1.011889
34 1.010987
35 1.010969
36 1.009563
37 1.009035
38 1.008288
39 1.009083
40 1.009195
41 1.009077
42 1.009296
43 1.008946
44 1.009320
45 1.008774
46 1.009889
47 1.009053
48 1.009735
49 1.010352
50 1.010785
51 1.010821
52 1.012215
53 1.012974
54 1.014030
55 1.013692
56 1.015330
57 1.015828
58 1.017685
59 1.019215
60 1.020764
61 1.022810
62 1.023166
63 1.024905
64 1.026690
65 1.029004
66 1.029924
67 1.031359
68 1.032866
69 1.033934
70 1.035215
71 1.036621
72 1.038288
73 1.039024
74 1.039481
75 1.040335
76 1.041789
77 1.043153
78 1.044523
79 1.047134
80 1.049619
81 1.051162
82 1.053179
83 1.054152
84 1.055249
85 1.057872
86 1.059912
87 1.061336
88 1.061763
89 1.063246
90 1.064433
91 1.065536
92 1.066841
93 1.068675
94 1.069458
95 1.070923
96 1.072566
97 1.074002
98 1.075740
99 1.076909
100 1.079068
101 1.080107
102 1.081892
103 1.083636
104 1.085879
105 1.086288
106 1.087243
107 1.088614
108 1.089284
109 1.090684
110 1.090423
111 1.093395
112 1.095134
113 1.095650
114 1.096931
115 1.098687
116 1.099102
117 1.100722
118 1.101286
119 1.102929
120 1.104080
121 1.105504
122 1.106708
123 1.108316
124 1.108541
125 1.108233
126 1.109401
127 1.110344
128 1.111519
129 1.112563
130 1.113738
131 1.114835
132 1.116087
133 1.116544
134 1.116847
135 1.118051
136 1.119083
137 1.120109
138 1.119670
139 1.120151
140 1.119836
141 1.121142
142 1.122512
143 1.123265
144 1.123960
145 1.124944
146 1.125722
147 1.128006
148 1.128628
149 1.129245
150 1.130954
151 1.131595
152 1.131126
153 1.132443
154 1.133938
155 1.134638
156 1.135997
157 1.135599
158 1.135991
159 1.136175
160 1.137426
161 1.137972
162 1.138939
163 1.139538
164 1.139562
165 1.140962
166 1.141585
167 1.141360
168 1.140855
169 1.141110
170 1.140778
171 1.141846
172 1.142920
173 1.144421
174 1.144011
175 1.145162
176 1.145649
177 1.146384
178 1.146533
179 1.146746
180 1.147363
181 1.147387
182 1.148200
183 1.148425
184 1.149985
185 1.150733
186 1.151569
187 1.151148
188 1.150632
189 1.150650
190 1.151362
191 1.150341
192 1.150994
193 1.151350
194 1.152222
195 1.152133
196 1.152614
197 1.152608
198 1.152204
199 1.151564
200 1.152026
201 1.153219
202 1.153515
203 1.153948
204 1.154346
205 1.154393
206 1.155337
207 1.154904
208 1.155396
209 1.155182
210 1.155313
211 1.154773
212 1.155087
213 1.155461
214 1.155455
215 1.156007
216 1.156327
217 1.156547
218 1.156493
219 1.157182
220 1.157947
221 1.157804
222 1.158451
223 1.158742
224 1.159050
225 1.158374
226 1.158499
227 1.158789
228 1.158564
229 1.158089
230 1.157971
231 1.158914
232 1.160071
233 1.160023
234 1.160664
235 1.160622
236 1.160996
237 1.162034
238 1.162384
239 1.162740
240 1.161400
241 1.162248
242 1.162349
243 1.162266
244 1.162135
245 1.162254
246 1.162462
247 1.162183
248 1.162396
249 1.162426
250 1.162159
251 1.161868
252 1.161922
253 1.161589
254 1.162278
255 1.161934
256 1.161987
257 1.163565
258 1.163601
259 1.163185
260 1.164111
261 1.164123
262 1.164710
263 1.164384
264 1.164164
265 1.165042
266 1.165410
267 1.166941
268 1.166834
269 1.167385
270 1.166353
271 1.167041
272 1.166401
273 1.166009
274 1.166401
275 1.167154
276 1.165885
277 1.166264
278 1.166466
279 1.167463
280 1.168495
281 1.167777
282 1.167314
283 1.167949
284 1.167593
285 1.165855
286 1.164906
287 1.165416
288 1.165612
289 1.165796
290 1.165784
291 1.166359
292 1.166573
293 1.167397
294 1.167724
295 1.167991
296 1.167712
297 1.167973
298 1.167961
299 1.168987
300 1.168833
301 1.169319
302 1.169272
303 1.169005
304 1.169474
305 1.170494
306 1.169236
307 1.168198
308 1.168008
309 1.168791
310 1.169545
311 1.169687
312 1.169563
313 1.169693
314 1.169865
315 1.169592
316 1.169486
317 1.168880
318 1.168910
319 1.169106
320 1.168507
321 1.169142
322 1.169408
323 1.170856
324 1.170631
325 1.171295
326 1.170097
327 1.169753
328 1.170209
329 1.169847
330 1.169610
331 1.169367
332 1.170186
333 1.169503
334 1.169675
335 1.170180
336 1.171354
337 1.172191
338 1.172387
339 1.172102
340 1.172689
341 1.173674
342 1.173793
343 1.172369
344 1.172244
345 1.172084
346 1.172452
347 1.172529
348 1.172891
349 1.173253
350 1.174125
351 1.173478
352 1.173478
353 1.172191
354 1.172250
355 1.172511
356 1.172013
357 1.171865
358 1.171609
359 1.172523
360 1.172090
361 1.171876
362 1.171799
363 1.171734
364 1.171497
365 1.172274
366 1.172606
367 1.173170
368 1.173087
369 1.173692
370 1.173443
371 1.173870
372 1.173324
373 1.172131
374 1.172363
375 1.172600
376 1.173407
377 1.173745
378 1.173336
379 1.174368
380 1.173893
381 1.173354
382 1.172511
383 1.172262
384 1.171663
385 1.172007
386 1.172837
387 1.172695
388 1.173520
389 1.174083
390 1.173763
391 1.174410
392 1.174285
393 1.173781
394 1.174611
395 1.175323
396 1.175715
397 1.176041
398 1.175733
399 1.176522
400 1.176355
401 1.177744
402 1.177097
403 1.176385
404 1.175406
405 1.176409
406 1.176978
407 1.176919
408 1.176516
409 1.176486
410 1.177174
411 1.176225
412 1.176711
413 1.176747
414 1.175780
415 1.176207
416 1.176249
417 1.176261
418 1.175827
419 1.175092
420 1.175483
421 1.176711
422 1.176895
423 1.176824
424 1.176166
425 1.176290
426 1.176723
427 1.177032
428 1.177133
429 1.176961
430 1.177732
431 1.177174
432 1.176794
433 1.175477
434 1.175774
435 1.176207
436 1.176593
437 1.176160
438 1.176083
439 1.175044
440 1.175644
441 1.174712
442 1.175074
443 1.174985
444 1.174754
445 1.174493
446 1.173680
447 1.174611
448 1.174908
449 1.175655
450 1.175976
451 1.176539
452 1.176035
453 1.176195
454 1.176753
455 1.175839
456 1.175863
457 1.175999
458 1.175727
459 1.175353
460 1.176077
461 1.174825
462 1.174493
463 1.173377
464 1.173532
465 1.173093
466 1.173401
467 1.174214
468 1.173122
469 1.173164
470 1.172719
471 1.172452
472 1.172843
473 1.173259
474 1.173888
475 1.172980
476 1.172659
477 1.174113
478 1.174024
479 1.174226
480 1.174528
481 1.174730
482 1.175210
483 1.176492
484 1.176664
485 1.176599
486 1.175400
487 1.175928
488 1.175851
489 1.175371
490 1.176480
491 1.176682
492 1.177269
493 1.177305
494 1.177156
495 1.177619
496 1.179292
497 1.178865
498 1.178076
499 1.178171
500 1.178372
501 1.177856
502 1.179298
503 1.179399
504 1.179221
505 1.178432
506 1.179013
507 1.178372
508 1.178313
509 1.178515
510 1.178100
511 1.178829
512 1.179832
513 1.180170
514 1.180449
515 1.181333
516 1.180674
517 1.180099
518 1.179250
519 1.178378
520 1.177257
521 1.177981
522 1.178622
523 1.178503
524 1.178485
525 1.179025
526 1.179873
527 1.179304
528 1.179684
529 1.179844
530 1.178574
531 1.178491
532 1.178088
533 1.178954
534 1.178076
535 1.177465
536 1.177542
537 1.177044
538 1.176830
539 1.177109
540 1.177993
541 1.179120
542 1.179061
543 1.179494
544 1.179921
545 1.179108
546 1.180378
547 1.180906
548 1.180366
549 1.180894
550 1.181422
551 1.181534
552 1.181576
553 1.181440
554 1.181357
555 1.181790
556 1.180953
557 1.180010
558 1.180134
559 1.178847
560 1.178924
561 1.178028
562 1.177993
563 1.177322
564 1.177981
565 1.177453
566 1.177809
567 1.177625
568 1.176907
569 1.176628
570 1.176729
571 1.176474
572 1.177103
573 1.177453
574 1.176005
575 1.175519
576 1.176539
577 1.176195
578 1.176011
579 1.177435
580 1.177696
581 1.178200
582 1.177999
583 1.178040
584 1.177951
585 1.178616
586 1.178479
587 1.177512
588 1.177922
589 1.178266
590 1.177928
591 1.178177
592 1.178752
593 1.178355
594 1.177352
595 1.177690
596 1.177643
597 1.176077
598 1.174771
599 1.174030
600 1.174439
601 1.173223
602 1.174392
603 1.174042
604 1.174635
605 1.174748
606 1.174392
607 1.174178
608 1.173941
609 1.174777
610 1.174938
611 1.174522
612 1.174338
613 1.174362
614 1.174724
615 1.174386
616 1.173840
617 1.174362
618 1.174754
619 1.174350
620 1.174789
621 1.174558
622 1.174599
623 1.174487
624 1.174682
625 1.174682
626 1.175335
627 1.176533
628 1.178165
629 1.178728
630 1.178930
631 1.179250
632 1.179150
633 1.178165
634 1.178337
635 1.178568
636 1.178699
637 1.178610
638 1.177910
639 1.177465
640 1.177091
641 1.177228
642 1.179013
643 1.179512
644 1.179553
645 1.179980
646 1.179701
647 1.180639
648 1.178165
649 1.176913
650 1.177222
651 1.176462
652 1.177352
653 1.176160
654 1.175638
655 1.176278
656 1.176474
657 1.176563
658 1.175780
659 1.176664
660 1.176563
661 1.177880
662 1.176972
663 1.176688
664 1.175649
665 1.176533
666 1.176302
667 1.175691
668 1.175347
669 1.174309
670 1.174522
671 1.174504
672 1.174493
673 1.174344
674 1.174783
675 1.176385
676 1.174872
677 1.174487
678 1.173727
679 1.174386
680 1.174682
681 1.174309
682 1.173585
683 1.172915
684 1.173265
685 1.172885
686 1.174166
687 1.174060
688 1.174599
689 1.174825
690 1.174238
691 1.175027
692 1.174552
693 1.173876
694 1.173443
695 1.175240
696 1.176106
697 1.176717
698 1.178147
699 1.179037
700 1.179862
701 1.180289
702 1.180799
703 1.180852
704 1.181351
705 1.181143
706 1.179838
707 1.179589
708 1.179458
709 1.179185
710 1.179915
711 1.180176
712 1.181386
713 1.181232
714 1.180900
715 1.181707
716 1.181540
717 1.181629
718 1.182169
719 1.182727
720 1.181938
721 1.182116
722 1.181707
723 1.181932
724 1.181238
725 1.180004
726 1.179399
727 1.178895
728 1.178669
729 1.178301
730 1.178046
731 1.178224
732 1.177690
733 1.178206
734 1.178289
735 1.177738
736 1.176836
737 1.176883
738 1.176652
739 1.176504
740 1.177002
741 1.176391
742 1.176083
743 1.177032
744 1.176931
745 1.176676
746 1.175744
747 1.174967
748 1.175359
749 1.175638
750 1.175169
751 1.173976
752 1.175394
753 1.175382
754 1.175377
755 1.175382
756 1.175169
757 1.176189
758 1.176065
759 1.177631
760 1.178212
761 1.177637
762 1.178776
763 1.178645
764 1.178414
765 1.178402
766 1.178800
767 1.179446
768 1.179345
769 1.178194
770 1.178515
771 1.179417
772 1.179298
773 1.179523
774 1.179500
775 1.179286
776 1.179334
777 1.179393
778 1.179808
779 1.178889
780 1.179583
781 1.180212
782 1.179565
783 1.178123
784 1.177714
785 1.177512
786 1.176883
787 1.176949
788 1.176996
789 1.176261
790 1.176978
791 1.178129
792 1.178254
793 1.178088
794 1.178266
795 1.178046
796 1.177821
797 1.177797
798 1.176883
799 1.176005
800 1.175721
801 1.174611
802 1.173888
803 1.173941
804 1.172968
805 1.173591
806 1.173176
807 1.172766
808 1.172689
809 1.173039
810 1.173626
811 1.173081
812 1.172885
813 1.172600
814 1.172280
815 1.173603
816 1.173751
817 1.174220
818 1.174457
819 1.174196
820 1.174368
821 1.175489
822 1.175454
823 1.175638
824 1.176527
825 1.177388
826 1.178568
827 1.179084
828 1.178533
829 1.178372
830 1.177055
831 1.177281
832 1.177423
833 1.177222
834 1.176949
835 1.177489
836 1.177512
837 1.179310
838 1.179084
839 1.180301
840 1.180645
841 1.180283
842 1.180378
843 1.180271
844 1.180959
845 1.181760
846 1.181048
847 1.179814
848 1.179945
849 1.179227
850 1.178895
851 1.179731
852 1.180609
853 1.181196
854 1.181143
855 1.179927
856 1.179850
857 1.179725
858 1.179102
859 1.179523
860 1.178776
861 1.177862
862 1.177441
863 1.177085
864 1.177008
865 1.177536
866 1.177050
867 1.175792
868 1.176136
869 1.176533
870 1.176812
871 1.176261
872 1.176154
873 1.176290
874 1.177044
875 1.176142
876 1.175519
877 1.174552
878 1.174688
879 1.175543
880 1.175531
881 1.175940
882 1.176183
883 1.176557
884 1.176771
885 1.176634
886 1.177311
887 1.179102
888 1.179713
889 1.179209
890 1.178580
891 1.178212
892 1.178699
893 1.178740
894 1.180312
895 1.179731
896 1.179595
897 1.180407
898 1.181101
899 1.181119
900 1.181517
901 1.180668
902 1.181232
903 1.180579
904 1.180051
905 1.179945
906 1.179434
907 1.179612
908 1.180918
909 1.181469
910 1.181629
911 1.181843
912 1.181612
913 1.181736
914 1.180995
915 1.180318
916 1.179761
917 1.179583
918 1.179179
919 1.179387
920 1.180330
921 1.179423
922 1.179239
923 1.178521
924 1.178948
925 1.178106
926 1.178693
927 1.178378
928 1.178438
929 1.178189
930 1.178900
931 1.178669
932 1.178307
933 1.177661
934 1.177993
935 1.178064
936 1.178177
937 1.178177
938 1.178705
939 1.178420
940 1.177904
941 1.176308
942 1.176883
943 1.177886
944 1.177922
945 1.178111
946 1.177886
947 1.177293
948 1.177578
949 1.176682
950 1.176053
951 1.176984
952 1.177637
953 1.178011
954 1.177957
955 1.177210
956 1.178307
957 1.179043
958 1.178936
959 1.178936
960 1.178295
961 1.177755
962 1.178645
963 1.179357
964 1.179897
965 1.180081
966 1.179185
967 1.179773
968 1.179096
969 1.179826
970 1.178378
971 1.177844
972 1.178390
973 1.178426
974 1.178183
975 1.177850
976 1.178722
977 1.177678
978 1.178461
979 1.177928
980 1.178823
981 1.179909
982 1.179737
983 1.180010
984 1.180170
985 1.180401
986 1.181066
987 1.182223
988 1.181499
989 1.181534
990 1.181849
991 1.182235
992 1.181273
993 1.181707
994 1.181256
995 1.180977
996 1.180461
997 1.180324
998 1.179571
999 1.179612
1000 1.180016
1001 1.179672
1002 1.179927
1003 1.179239
1004 1.179482
1005 1.178954
1006 1.178598
1007 1.179322
1008 1.179102
1009 1.178070
1010 1.177886
1011 1.177874
1012 1.178005
1013 1.178183
1014 1.177637
1015 1.178005
1016 1.177168
1017 1.176830
1018 1.177417
1019 1.177672
1020 1.177726
1021 1.177121
1022 1.176848
1023 1.177761
1024 1.178402
1025 1.178076
1026 1.177566
1027 1.176794
1028 1.177904
1029 1.177269
1030 1.178657
1031 1.178705
1032 1.179488
1033 1.180680
1034 1.180639
1035 1.180728
1036 1.181380
1037 1.181606
1038 1.181867
1039 1.180342
1040 1.180176
1041 1.180123
1042 1.179636
1043 1.180372
1044 1.180763
1045 1.179595
1046 1.180194
1047 1.179992
1048 1.179873
1049 1.179334
1050 1.180532
1051 1.180295
1052 1.179583
1053 1.178693
1054 1.178378
1055 1.178070
1056 1.177672
1057 1.178266
1058 1.178325
1059 1.178111
1060 1.177115
1061 1.176895
1062 1.178011
1063 1.176462
1064 1.177744
1065 1.177661
1066 1.178064
1067 1.177548
1068 1.176907
1069 1.175323
1070 1.174813
1071 1.175946
1072 1.175614
1073 1.175893
1074 1.176842
1075 1.177844
1076 1.177892
1077 1.178355
1078 1.178616
1079 1.179209
1080 1.179019
1081 1.179713
1082 1.180075
1083 1.180378
1084 1.180449
1085 1.179689
1086 1.180775
1087 1.179363
1088 1.179025
1089 1.178699
1090 1.178260
1091 1.177678
1092 1.176397
1093 1.175786
1094 1.175839
1095 1.175056
1096 1.174955
1097 1.175549
1098 1.175584
1099 1.176676
1100 1.176154
1101 1.176041
1102 1.176593
1103 1.176723
1104 1.176611
1105 1.177263
1106 1.177904
1107 1.177583
1108 1.177536
1109 1.177465
1110 1.178082
1111 1.177904
1112 1.178278
1113 1.178088
1114 1.178402
1115 1.179221
1116 1.179743
1117 1.179399
1118 1.180123
1119 1.180111
1120 1.180016
1121 1.181179
1122 1.179939
1123 1.179962
1124 1.180217
1125 1.180301
1126 1.180206
1127 1.180022
1128 1.179150
1129 1.178040
1130 1.178918
1131 1.178948
1132 1.179820
1133 1.179939
1134 1.180235
1135 1.180811
1136 1.181974
1137 1.181612
1138 1.181540
1139 1.181256
1140 1.180894
1141 1.181262
1142 1.180870
1143 1.180306
1144 1.179701
1145 1.180449
1146 1.180063
1147 1.180656
1148 1.180413
1149 1.179606
1150 1.179660
1151 1.179808
1152 1.179992
1153 1.181677
1154 1.181214
1155 1.182098
1156 1.182027
1157 1.180757
1158 1.181606
1159 1.181297
1160 1.181161
1161 1.180259
1162 1.180425
1163 1.180277
1164 1.181801
1165 1.181712
1166 1.179992
1167 1.180105
1168 1.180384
1169 1.179814
1170 1.179595
1171 1.181179
1172 1.179998
1173 1.179191
1174 1.179310
1175 1.179939
1176 1.178800
1177 1.179167
1178 1.178895
1179 1.178728
1180 1.178319
1181 1.177916
1182 1.177162
1183 1.177631
1184 1.177251
1185 1.177969
1186 1.178337
1187 1.179968
1188 1.181273
1189 1.181374
1190 1.181048
1191 1.181256
1192 1.181351
1193 1.180745
1194 1.180152
1195 1.180022
1196 1.180390
1197 1.180182
1198 1.179678
1199 1.180745
1200 1.180544
1201 1.180728
1202 1.180182
1203 1.181244
1204 1.180585
1205 1.180781
1206 1.181831
1207 1.182169
1208 1.182703
1209 1.182614
1210 1.183409
1211 1.183160
1212 1.182573
1213 1.182846
1214 1.183510
1215 1.183006
1216 1.182602
1217 1.182092
1218 1.182430
1219 1.183646
1220 1.183480
1221 1.183415
1222 1.182549
1223 1.182757
1224 1.181754
1225 1.180989
1226 1.181991
1227 1.181926
1228 1.181149
1229 1.181481
1230 1.180639
1231 1.180479
1232 1.179648
1233 1.178995
1234 1.178461
1235 1.177785
1236 1.177631
1237 1.178159
1238 1.177886
1239 1.177601
1240 1.177922
1241 1.177500
1242 1.176961
1243 1.177672
1244 1.178847
1245 1.178467
1246 1.177963
1247 1.177566
1248 1.177874
1249 1.177821
1250 1.178094
1251 1.178094
1252 1.178995
1253 1.178948
1254 1.178325
1255 1.177447
1256 1.177637
1257 1.177494
1258 1.177103
1259 1.175857
1260 1.176557
1261 1.177465
1262 1.177755
1263 1.176480
1264 1.177144
1265 1.177156
1266 1.176723
1267 1.177233
1268 1.178005
1269 1.177073
1270 1.177566
1271 1.177607
1272 1.177299
1273 1.177601
1274 1.177334
1275 1.176759
1276 1.175899
1277 1.176243
1278 1.176183
1279 1.176931
1280 1.178877
1281 1.179256
1282 1.178521
1283 1.178651
1284 1.178989
1285 1.178853
1286 1.177910
1287 1.178734
1288 1.179773
1289 1.180099
1290 1.179606
1291 1.179476
1292 1.178776
1293 1.177862
1294 1.178746
1295 1.177945
1296 1.176765
1297 1.177405
1298 1.176765
1299 1.177216
1300 1.176978
1301 1.177340
1302 1.177067
1303 1.176527
1304 1.176314
1305 1.175252
1306 1.176462
1307 1.176492
1308 1.176231
1309 1.177079
1310 1.176059
1311 1.176290
1312 1.175377
1313 1.174932
1314 1.175282
1315 1.175388
1316 1.174896
1317 1.175976
1318 1.176949
1319 1.177631
1320 1.177263
1321 1.178052
1322 1.178693
1323 1.178800
1324 1.179482
1325 1.179013
1326 1.177684
1327 1.177572
1328 1.176984
1329 1.176717
1330 1.175869
1331 1.175347
1332 1.174902
1333 1.174943
1334 1.175418
1335 1.174908
1336 1.175009
1337 1.175311
1338 1.175738
1339 1.175507
1340 1.176848
1341 1.177667
1342 1.177168
1343 1.177708
1344 1.176990
1345 1.176462
1346 1.177156
1347 1.176961
1348 1.178159
1349 1.178539
1350 1.179013
1351 1.178224
1352 1.178675
1353 1.179055
1354 1.178794
1355 1.179601
1356 1.178859
1357 1.177477
1358 1.177489
1359 1.177020
1360 1.177755
1361 1.177536
1362 1.178100
1363 1.177150
1364 1.177204
1365 1.177061
1366 1.176587
1367 1.177150
1368 1.177945
1369 1.177755
1370 1.177643
1371 1.177619
1372 1.178070
1373 1.178153
1374 1.178728
1375 1.179529
1376 1.180318
1377 1.180467
1378 1.181256
1379 1.180651
1380 1.180419
1381 1.180710
1382 1.181250
1383 1.181505
1384 1.181796
1385 1.182015
1386 1.180846
1387 1.181374
1388 1.182312
1389 1.182229
1390 1.182543
1391 1.181683
1392 1.181357
1393 1.181410
1394 1.180698
1395 1.180805
1396 1.179879
1397 1.179832
1398 1.179256
1399 1.179417
1400 1.179879
1401 1.179102
1402 1.178871
1403 1.178782
1404 1.179310
1405 1.178461
1406 1.178865
1407 1.179310
1408 1.178693
1409 1.178230
1410 1.177999
1411 1.177785
1412 1.178088
1413 1.177595
1414 1.177055
1415 1.178106
1416 1.178349
1417 1.177139
1418 1.177649
1419 1.177643
1420 1.177684
1421 1.177311
1422 1.176783
1423 1.176379
1424 1.176415
1425 1.175133
1426 1.175388
1427 1.175685
1428 1.175537
1429 1.175578
1430 1.175513
1431 1.174825
1432 1.174362
1433 1.173905
1434 1.174261
1435 1.175056
1436 1.175679
1437 1.175412
1438 1.175584
1439 1.174398
1440 1.174647
1441 1.174825
1442 1.175596
1443 1.175400
1444 1.174516
1445 1.175317
1446 1.176201
1447 1.175774
1448 1.175495
1449 1.175881
1450 1.177322
1451 1.178200
1452 1.178135
1453 1.178224
1454 1.178586
1455 1.178717
1456 1.179031
1457 1.178675
1458 1.179612
1459 1.179850
1460 1.178984
1461 1.178740
1462 1.179067
1463 1.178889
1464 1.178497
1465 1.178533
1466 1.179488
1467 1.177714
1468 1.177144
1469 1.178545
1470 1.178586
1471 1.179250
1472 1.179529
1473 1.179369
1474 1.179298
1475 1.178746
1476 1.179310
1477 1.179482
1478 1.179037
1479 1.179713
1480 1.179962
1481 1.179612
1482 1.180229
1483 1.180182
1484 1.179458
1485 1.179529
1486 1.179559
1487 1.178948
1488 1.179132
1489 1.179013
1490 1.179150
1491 1.179761
1492 1.180057
1493 1.180045
1494 1.180698
1495 1.180164
1496 1.179802
1497 1.179986
1498 1.180057
1499 1.179197
1500 1.180069
1501 1.180502
1502 1.180022
1503 1.179850
1504 1.180858
1505 1.180668
1506 1.180651
1507 1.181730
1508 1.182798
1509 1.181813
1510 1.181030
1511 1.181232
1512 1.180882
1513 1.178924
1514 1.178076
1515 1.177862
1516 1.177702
1517 1.177761
1518 1.177999
1519 1.177696
1520 1.177299
1521 1.178966
1522 1.178479
1523 1.179001
1524 1.179369
1525 1.178889
1526 1.179043
1527 1.178811
1528 1.180324
1529 1.180923
1530 1.180532
1531 1.180140
1532 1.180769
1533 1.180348
1534 1.180117
1535 1.180200
1536 1.179879
1537 1.180906
1538 1.180526
1539 1.182015
1540 1.182217
1541 1.180989
1542 1.180289
1543 1.180040
1544 1.180259
1545 1.179897
1546 1.179927
1547 1.180603
1548 1.180384
1549 1.179672
1550 1.179114
1551 1.178367
1552 1.179114
1553 1.179630
1554 1.180140
1555 1.180876
1556 1.180366
1557 1.180567
1558 1.180283
1559 1.181327
1560 1.181867
1561 1.182163
1562 1.180781
1563 1.181451
1564 1.180603
1565 1.180502
1566 1.180045
1567 1.179648
1568 1.180656
1569 1.179351
1570 1.178515
1571 1.177744
1572 1.177382
1573 1.176907
1574 1.175851
1575 1.175424
1576 1.175507
1577 1.175531
1578 1.174890
1579 1.175887
1580 1.175928
1581 1.176029
1582 1.176367
1583 1.176984
1584 1.176984
1585 1.175988
1586 1.176433
1587 1.176872
1588 1.176907
1589 1.177524
1590 1.177643
1591 1.176611
1592 1.176557
1593 1.176243
1594 1.175893
1595 1.174516
1596 1.175288
1597 1.175572
1598 1.176480
1599 1.176806
1600 1.176160
1601 1.175691
1602 1.175400
1603 1.174807
1604 1.174831
1605 1.174504
1606 1.175181
1607 1.175157
1608 1.175282
1609 1.174890
1610 1.174825
1611 1.173917
1612 1.175922
1613 1.176326
1614 1.177512
1615 1.178491
1616 1.177299
1617 1.177405
1618 1.177453
1619 1.176569
1620 1.176949
1621 1.178254
1622 1.178509
1623 1.178426
1624 1.179090
1625 1.178770
1626 1.178076
1627 1.178924
1628 1.178022
1629 1.177061
1630 1.176955
1631 1.176901
1632 1.176308
1633 1.176533
1634 1.175934
1635 1.176753
1636 1.177494
1637 1.176907
1638 1.177477
1639 1.177293
1640 1.178005
1641 1.178022
1642 1.177417
1643 1.178058
1644 1.179007
1645 1.178764
1646 1.179274
1647 1.180496
1648 1.180051
1649 1.179571
1650 1.179577
1651 1.179547
1652 1.180295
1653 1.179838
1654 1.179820
1655 1.178758
1656 1.178159
1657 1.178473
1658 1.177364
1659 1.177880
1660 1.178414
1661 1.177447
1662 1.177530
1663 1.176806
1664 1.176842
1665 1.178022
1666 1.178319
1667 1.178123
1668 1.177981
1669 1.178930
1670 1.179173
1671 1.180253
1672 1.179268
1673 1.179535
1674 1.179446
1675 1.178989
1676 1.179274
1677 1.180354
1678 1.180360
1679 1.180852
1680 1.181546
1681 1.181090
1682 1.181084
1683 1.180045
1684 1.179844
1685 1.180277
1686 1.180526
1687 1.182051
1688 1.181849
1689 1.183059
1690 1.182929
1691 1.181843
1692 1.181451
1693 1.180710
1694 1.181297
1695 1.181938
1696 1.182134
1697 1.181683
1698 1.181534
1699 1.180164
1700 1.180579
1701 1.180182
1702 1.178562
1703 1.178752
1704 1.179701
1705 1.179589
1706 1.178936
1707 1.178829
1708 1.178711
1709 1.178384
1710 1.178011
1711 1.176438
1712 1.177020
1713 1.177868
1714 1.177993
1715 1.178450
1716 1.179339
1717 1.178930
1718 1.178568
1719 1.179885
1720 1.180627
1721 1.180034
1722 1.180751
1723 1.179654
1724 1.179108
1725 1.179802
1726 1.180751
1727 1.180983
1728 1.181712
1729 1.181018
1730 1.180953
1731 1.181291
1732 1.181481
1733 1.181724
1734 1.180544
1735 1.180817
1736 1.180158
1737 1.181024
1738 1.181736
1739 1.182656
1740 1.182668
1741 1.181558
1742 1.182448
1743 1.182685
1744 1.182715
1745 1.182442
1746 1.181962
1747 1.181540
1748 1.180882
1749 1.180277
1750 1.180508
1751 1.181018
1752 1.180995
1753 1.181701
1754 1.180597
1755 1.180034
1756 1.181202
1757 1.180479
1758 1.180953
1759 1.180508
1760 1.179434
1761 1.180983
1762 1.181078
1763 1.180455
1764 1.179707
1765 1.179612
1766 1.179025
1767 1.179992
1768 1.179784
1769 1.179393
1770 1.178586
1771 1.179814
1772 1.180567
1773 1.180894
1774 1.180935
1775 1.180579
1776 1.180123
1777 1.179476
1778 1.179126
1779 1.178550
1780 1.178479
1781 1.178598
1782 1.178396
1783 1.178515
1784 1.178906
1785 1.180016
1786 1.178806
1787 1.178592
1788 1.178669
1789 1.178622
1790 1.177773
1791 1.178278
1792 1.178450
1793 1.179268
1794 1.179173
1795 1.178675
1796 1.179067
1797 1.178900
1798 1.178444
1799 1.178657
1800 1.178954
1801 1.178693
1802 1.178367
1803 1.178847
1804 1.177892
1805 1.177198
1806 1.177405
1807 1.178034
1808 1.177767
1809 1.178040
1810 1.177981
1811 1.177121
1812 1.177139
1813 1.178147
1814 1.178883
1815 1.179096
1816 1.178811
1817 1.178900
1818 1.179595
1819 1.179043
1820 1.178912
1821 1.179179
1822 1.178473
1823 1.178266
1824 1.178236
1825 1.177690
1826 1.176729
1827 1.177239
1828 1.177767
1829 1.177595
1830 1.178022
1831 1.177293
1832 1.178503
1833 1.178106
1834 1.178319
1835 1.177726
1836 1.177815
1837 1.177002
1838 1.178372
1839 1.177530
1840 1.179191
1841 1.178604
1842 1.178586
1843 1.178040
1844 1.179695
1845 1.179298
1846 1.178278
1847 1.178604
1848 1.178503
1849 1.178586
1850 1.178539
1851 1.178028
1852 1.177388
1853 1.177156
1854 1.177411
1855 1.176824
1856 1.177560
1857 1.177696
1858 1.179268
1859 1.179256
1860 1.178752
1861 1.179701
1862 1.179357
1863 1.178402
1864 1.178260
1865 1.178064
1866 1.178183
1867 1.177904
1868 1.178883
1869 1.179571
1870 1.179363
1871 1.176949
1872 1.176794
1873 1.177578
1874 1.176658
1875 1.176676
1876 1.176142
1877 1.175727
1878 1.175560
1879 1.175501
1880 1.176237
1881 1.175525
1882 1.175068
1883 1.176130
1884 1.175210
1885 1.174825
1886 1.175317
1887 1.175199
1888 1.176255
1889 1.175999
1890 1.176415
1891 1.175341
1892 1.175335
1893 1.175768
1894 1.176053
1895 1.176302
1896 1.176213
1897 1.175560
1898 1.175430
1899 1.174647
1900 1.174967
1901 1.175566
1902 1.175347
1903 1.176124
1904 1.176112
1905 1.176166
1906 1.175679
1907 1.176462
1908 1.176219
1909 1.176421
1910 1.176593
1911 1.177672
1912 1.177257
1913 1.177690
1914 1.177583
1915 1.177945
1916 1.178028
1917 1.177305
1918 1.178248
1919 1.177423
1920 1.176700
1921 1.176611
1922 1.176011
1923 1.176320
1924 1.177251
1925 1.176931
1926 1.178147
1927 1.177833
1928 1.177322
1929 1.176468
1930 1.177334
1931 1.176961
1932 1.178378
1933 1.178598
1934 1.178467
1935 1.178361
1936 1.178503
1937 1.179256
1938 1.179808
1939 1.179909
1940 1.180087
1941 1.179802
1942 1.179618
1943 1.179417
1944 1.179197
1945 1.178224
1946 1.178681
1947 1.178497
1948 1.179458
1949 1.179761
1950 1.180306
1951 1.179595
1952 1.180057
1953 1.180289
1954 1.180057
1955 1.179998
1956 1.179049
1957 1.180099
1958 1.179144
1959 1.180140
1960 1.179986
1961 1.179939
1962 1.179357
1963 1.178361
1964 1.178283
1965 1.178046
1966 1.178604
1967 1.179428
1968 1.177886
1969 1.177311
1970 1.177103
1971 1.176836
1972 1.177898
1973 1.178260
1974 1.178770
1975 1.177969
1976 1.178295
1977 1.179001
1978 1.179280
1979 1.178313
1980 1.179268
1981 1.178521
1982 1.177595
1983 1.178070
1984 1.178052
1985 1.177275
1986 1.178111
1987 1.177578
1988 1.177506
1989 1.177856
1990 1.177690
1991 1.176872
1992 1.176872
1993 1.177293
1994 1.176800
1995 1.175875
1996 1.177044
1997 1.175667
1998 1.176100
1999 1.176332
2000 1.176587
2001 1.176029
2002 1.175715
2003 1.176142
2004 1.176106
2005 1.175608
2006 1.176065
2007 1.176047
2008 1.176777
2009 1.176765
2010 1.177750
2011 1.178871
2012 1.179191
2013 1.179980
2014 1.180390
2015 1.180259
2016 1.181357
2017 1.182128
2018 1.182021
2019 1.182151
2020 1.182852
2021 1.182929
2022 1.183961
2023 1.183623
2024 1.182917
2025 1.184103
2026 1.183391
2027 1.184085
2028 1.183024
2029 1.183314
2030 1.184192
2031 1.183249
2032 1.183000
2033 1.182911
2034 1.181712
2035 1.182288
2036 1.182235
2037 1.181677
2038 1.181594
2039 1.181475
2040 1.180182
2041 1.179108
2042 1.178817
2043 1.178260
2044 1.178189
2045 1.178319
2046 1.178082
2047 1.177014
2048 1.177376
2049 1.176124
2050 1.175756
2051 1.175305
2052 1.176106
2053 1.176818
2054 1.177459
2055 1.177803
2056 1.178111
2057 1.177987
2058 1.177328
2059 1.177993
2060 1.178242
2061 1.178574
2062 1.179031
2063 1.178141
2064 1.179167
2065 1.179084
2066 1.179108
2067 1.179322
2068 1.180087
2069 1.179274
2070 1.178266
2071 1.178408
2072 1.178444
2073 1.178088
2074 1.178141
2075 1.179019
2076 1.179073
2077 1.179998
2078 1.180312
2079 1.179856
2080 1.179227
2081 1.180022
2082 1.180087
2083 1.180099
2084 1.179553
2085 1.179601
2086 1.179055
2087 1.179179
2088 1.178289
2089 1.177702
2090 1.177441
2091 1.177791
2092 1.178556
2093 1.178556
2094 1.178610
2095 1.179203
2096 1.179559
2097 1.179209
2098 1.180651
2099 1.181184
2100 1.181493
2101 1.180651
2102 1.181066
2103 1.180882
2104 1.180437
2105 1.179998
2106 1.180941
2107 1.180763
2108 1.181368
2109 1.182068
2110 1.181778
2111 1.182608
2112 1.182822
2113 1.182460
2114 1.182442
2115 1.182857
2116 1.183219
2117 1.183225
2118 1.183202
2119 1.182727
2120 1.183599
2121 1.182715
2122 1.182828
2123 1.183089
2124 1.183468
2125 1.183652
2126 1.183492
2127 1.182786
2128 1.183356
2129 1.183676
2130 1.183314
2131 1.183480
2132 1.183480
2133 1.183480
2134 1.183480
2135 1.183480
2136 1.183480
2137 1.183480
2138 1.183480
2139 1.183480
2140 1.183480
2141 1.183480
2142 1.183480
2143 1.183480
2144 1.183480
2145 1.183480
2146 1.183480
2147 1.183480
2148 1.183480
2149 1.183480
2150 1.183480
2151 1.183480
2152 1.183480
