1 1.138556
2 1.117942
3 1.106520
4 1.099228
5 1.094131
6 1.089610
7 1.085790
8 1.081753
9 1.077572
10 1.073379
11 1.069186
12 1.065320
13 1.061889
14 1.057651
15 1.053880
16 1.049879
17 1.046794
18 1.043574
19 1.041339
20 1.039070
21 1.036643
22 1.034851
23 1.032260
24 1.030677
25 1.029312
26 1.027853
27 1.026325
28 1.025065
29 1.023890
30 1.022528
31 1.021906
32 1.021382
33 1.020250
34 1.019704
35 1.019192
36 1.018817
37 1.019040
38 1.019588
39 1.019486
40 1.019987
41 1.019866
42 1.020108
43 1.019657
44 1.019873
45 1.020248
46 1.020850
47 1.021031
48 1.021225
49 1.021738
50 1.022144
51 1.022768
52 1.023347
53 1.023843
54 1.024355
55 1.025150
56 1.026294
57 1.027578
58 1.029080
59 1.030302
60 1.031742
61 1.033064
62 1.034483
63 1.035741
64 1.037037
65 1.037699
66 1.039004
67 1.040212
68 1.041605
69 1.042760
70 1.044331
71 1.045518
72 1.046885
73 1.048612
74 1.050147
75 1.051607
76 1.052872
77 1.054402
78 1.055247
79 1.056509
80 1.058403
81 1.060142
82 1.061550
83 1.062632
84 1.063825
85 1.065790
86 1.067890
87 1.069530
88 1.071400
89 1.073441
90 1.075116
91 1.075980
92 1.077717
93 1.078778
94 1.079494
95 1.080823
96 1.082976
97 1.084100
98 1.085643
99 1.086756
100 1.087684
101 1.089262
102 1.091272
103 1.093039
104 1.094017
105 1.095220
106 1.096317
107 1.097771
108 1.099458
109 1.101243
110 1.102716
111 1.103775
112 1.105816
113 1.106971
114 1.107199
115 1.108478
116 1.109318
117 1.110607
118 1.111577
119 1.113229
120 1.115035
121 1.116221
122 1.116330
123 1.117571
124 1.118253
125 1.119975
126 1.121017
127 1.121912
128 1.122920
129 1.124092
130 1.124634
131 1.124968
132 1.125962
133 1.127109
134 1.128129
135 1.128805
136 1.130374
137 1.131287
138 1.131743
139 1.132574
140 1.133981
141 1.134379
142 1.134880
143 1.135488
144 1.135471
145 1.136228
146 1.137274
147 1.137948
148 1.138682
149 1.139130
150 1.139422
151 1.140563
152 1.141498
153 1.142142
154 1.142792
155 1.144170
156 1.145210
157 1.145872
158 1.146762
159 1.147443
160 1.148043
161 1.148330
162 1.147903
163 1.147844
164 1.148359
165 1.149799
166 1.150362
167 1.150381
168 1.150943
169 1.152032
170 1.151864
171 1.152547
172 1.153340
173 1.153624
174 1.153845
175 1.154265
176 1.155195
177 1.155850
178 1.156671
179 1.156643
180 1.157716
181 1.158515
182 1.158610
183 1.158885
184 1.159500
185 1.160027
186 1.160383
187 1.161247
188 1.161773
189 1.162191
190 1.162986
191 1.164009
192 1.163952
193 1.164635
194 1.164951
195 1.164934
196 1.165295
197 1.165430
198 1.165990
199 1.166341
200 1.166645
201 1.167148
202 1.167184
203 1.166652
204 1.167267
205 1.166683
206 1.166553
207 1.167219
208 1.167440
209 1.167537
210 1.167976
211 1.168190
212 1.168273
213 1.168135
214 1.168945
215 1.169654
216 1.169849
217 1.170235
218 1.170601
219 1.170511
220 1.170985
221 1.171543
222 1.171961
223 1.172820
224 1.172969
225 1.172523
226 1.173183
227 1.173304
228 1.174051
229 1.173985
230 1.173441
231 1.173574
232 1.173275
233 1.173292
234 1.173645
235 1.173168
236 1.173952
237 1.174289
238 1.174258
239 1.175112
240 1.175810
241 1.176313
242 1.176263
243 1.176754
244 1.176645
245 1.177335
246 1.176927
247 1.177321
248 1.177110
249 1.177067
250 1.177359
251 1.177718
252 1.177900
253 1.177494
254 1.177803
255 1.178456
256 1.177850
257 1.177822
258 1.178102
259 1.178282
260 1.178187
261 1.178892
262 1.178914
263 1.178849
264 1.179132
265 1.179697
266 1.179924
267 1.179606
268 1.179602
269 1.179227
270 1.179692
271 1.180323
272 1.180034
273 1.179894
274 1.180824
275 1.182193
276 1.182547
277 1.181453
278 1.181343
279 1.181939
280 1.181856
281 1.181844
282 1.181645
283 1.181510
284 1.182017
285 1.182732
286 1.182632
287 1.182345
288 1.182539
289 1.183012
290 1.183847
291 1.183752
292 1.184452
293 1.183826
294 1.184080
295 1.184174
296 1.184822
297 1.183802
298 1.183731
299 1.183420
300 1.183306
301 1.183726
302 1.183652
303 1.183572
304 1.183705
305 1.183603
306 1.183992
307 1.183769
308 1.183057
309 1.182895
310 1.183016
311 1.183183
312 1.183192
313 1.183629
314 1.184360
315 1.184272
316 1.183660
317 1.183617
318 1.183116
319 1.183735
320 1.183864
321 1.183947
322 1.183398
323 1.183923
324 1.184483
325 1.184630
326 1.184571
327 1.184746
328 1.185081
329 1.184775
330 1.185461
331 1.185916
332 1.186500
333 1.185935
334 1.186486
335 1.186794
336 1.186951
337 1.186576
338 1.186407
339 1.186934
340 1.187174
341 1.186951
342 1.187658
343 1.187440
344 1.188287
345 1.188785
346 1.188864
347 1.189184
348 1.188432
349 1.188220
350 1.187468
351 1.187542
352 1.187613
353 1.187793
354 1.187176
355 1.187051
356 1.186509
357 1.186887
358 1.187269
359 1.187221
360 1.186785
361 1.187511
362 1.186906
363 1.187969
364 1.187705
365 1.188099
366 1.187561
367 1.188370
368 1.188569
369 1.189046
370 1.188845
371 1.187824
372 1.187577
373 1.187926
374 1.188443
375 1.188109
376 1.188299
377 1.187402
378 1.186901
379 1.186813
380 1.186868
381 1.187229
382 1.186870
383 1.186678
384 1.186355
385 1.186854
386 1.187169
387 1.187046
388 1.186695
389 1.186253
390 1.186799
391 1.187333
392 1.187829
393 1.188624
394 1.189020
395 1.189364
396 1.189590
397 1.189502
398 1.189386
399 1.188985
400 1.189863
401 1.189497
402 1.189416
403 1.189414
404 1.189687
405 1.189300
406 1.189303
407 1.189248
408 1.189651
409 1.190323
410 1.189644
411 1.188728
412 1.188116
413 1.187902
414 1.188602
415 1.189250
416 1.189905
417 1.189414
418 1.189725
419 1.189416
420 1.189089
421 1.189125
422 1.189777
423 1.189464
424 1.189590
425 1.189711
426 1.189680
427 1.189222
428 1.189321
429 1.188562
430 1.188932
431 1.188816
432 1.188809
433 1.188954
434 1.188398
435 1.188199
436 1.189495
437 1.189295
438 1.189554
439 1.190152
440 1.190086
441 1.190598
442 1.191127
443 1.191253
444 1.191013
445 1.191018
446 1.191056
447 1.190828
448 1.190209
449 1.190684
450 1.190783
451 1.190335
452 1.190501
453 1.191018
454 1.191134
455 1.190881
456 1.190764
457 1.191092
458 1.191818
459 1.192482
460 1.191749
461 1.191218
462 1.191462
463 1.191194
464 1.191070
465 1.190449
466 1.190653
467 1.191054
468 1.191452
469 1.191913
470 1.191972
471 1.191740
472 1.191180
473 1.191153
474 1.191322
475 1.191108
476 1.191429
477 1.191341
478 1.191697
479 1.191659
480 1.191792
481 1.191619
482 1.192003
483 1.192115
484 1.191360
485 1.190949
486 1.190873
487 1.190866
488 1.190145
489 1.190432
490 1.190318
491 1.190954
492 1.190764
493 1.191120
494 1.191132
495 1.190866
496 1.190446
497 1.190304
498 1.189948
499 1.190311
500 1.189901
501 1.189746
502 1.188951
503 1.188453
504 1.189243
505 1.189884
506 1.190240
507 1.190767
508 1.191013
509 1.190947
510 1.190945
511 1.191146
512 1.190828
513 1.190434
514 1.191581
515 1.191937
516 1.191426
517 1.191616
518 1.191085
519 1.191621
520 1.191498
521 1.192473
522 1.192561
523 1.192634
524 1.192333
525 1.192406
526 1.192160
527 1.192703
528 1.192112
529 1.191801
530 1.191452
531 1.191372
532 1.191474
533 1.191134
534 1.191571
535 1.192017
536 1.191528
537 1.191517
538 1.191232
539 1.192202
540 1.192326
541 1.192022
542 1.191823
543 1.192084
544 1.191813
545 1.191151
546 1.191628
547 1.190992
548 1.191452
549 1.191918
550 1.191346
551 1.191191
552 1.191702
553 1.191642
554 1.191312
555 1.191436
556 1.190999
557 1.191104
558 1.190615
559 1.191063
560 1.191066
561 1.190990
562 1.191426
563 1.191092
564 1.190954
565 1.191258
566 1.191229
567 1.191566
568 1.192383
569 1.192900
570 1.192755
571 1.192867
572 1.192995
573 1.192746
574 1.191861
575 1.191054
576 1.190859
577 1.190831
578 1.190978
579 1.190503
580 1.190335
581 1.190444
582 1.190681
583 1.190389
584 1.190472
585 1.190684
586 1.191377
587 1.190726
588 1.190907
589 1.191054
590 1.191419
591 1.191180
592 1.191837
593 1.192107
594 1.192373
595 1.192012
596 1.192338
597 1.192015
598 1.192107
599 1.192259
600 1.191960
601 1.192461
602 1.192701
603 1.192909
604 1.192853
605 1.192361
606 1.193154
607 1.193628
608 1.193541
609 1.194046
610 1.194015
611 1.193306
612 1.192957
613 1.193443
614 1.193742
615 1.193398
616 1.192985
617 1.192378
618 1.192570
619 1.193092
620 1.192705
621 1.192594
622 1.192278
623 1.191699
624 1.192171
625 1.192834
626 1.192601
627 1.192359
628 1.192869
629 1.193009
630 1.192898
631 1.193171
632 1.193242
633 1.192739
634 1.192679
635 1.192115
636 1.192138
637 1.192031
638 1.192141
639 1.192162
640 1.192390
641 1.192722
642 1.192966
643 1.192864
644 1.192694
645 1.192430
646 1.193187
647 1.193515
648 1.193344
649 1.193258
650 1.193363
651 1.192874
652 1.193448
653 1.193341
654 1.192983
655 1.192705
656 1.192921
657 1.192485
658 1.192143
659 1.192383
660 1.192724
661 1.193194
662 1.193130
663 1.192281
664 1.192179
665 1.192527
666 1.192682
667 1.192921
668 1.192416
669 1.192347
670 1.191956
671 1.192221
672 1.193092
673 1.193118
674 1.192760
675 1.192591
676 1.192319
677 1.192750
678 1.192772
679 1.192437
680 1.192126
681 1.192228
682 1.192245
683 1.192449
684 1.192587
685 1.191517
686 1.191806
687 1.191668
688 1.191607
689 1.190665
690 1.190916
691 1.190719
692 1.190534
693 1.190833
694 1.190328
695 1.191120
696 1.191263
697 1.191115
698 1.190821
699 1.190997
700 1.191222
701 1.190745
702 1.190833
703 1.191232
704 1.191099
705 1.191130
706 1.190423
707 1.190418
708 1.190579
709 1.191144
710 1.191422
711 1.191835
712 1.192084
713 1.192207
714 1.191763
715 1.191519
716 1.191832
717 1.192012
718 1.192428
719 1.193116
720 1.193458
721 1.193581
722 1.194108
723 1.193785
724 1.193835
725 1.193462
726 1.193299
727 1.193486
728 1.193405
729 1.193586
730 1.192988
731 1.193470
732 1.193515
733 1.193920
734 1.193583
735 1.193204
736 1.193410
737 1.193434
738 1.193073
739 1.193498
740 1.193598
741 1.193918
742 1.194205
743 1.193833
744 1.193308
745 1.193797
746 1.193764
747 1.193693
748 1.194124
749 1.193519
750 1.193688
751 1.194329
752 1.194763
753 1.194070
754 1.193657
755 1.193102
756 1.193332
757 1.193797
758 1.193541
759 1.192838
760 1.192855
761 1.192864
762 1.192810
763 1.193802
764 1.194101
765 1.194464
766 1.194760
767 1.194651
768 1.195074
769 1.194946
770 1.194886
771 1.194632
772 1.193878
773 1.193569
774 1.193225
775 1.192950
776 1.193318
777 1.192786
778 1.192879
779 1.193244
780 1.193289
781 1.192760
782 1.193569
783 1.192905
784 1.192646
785 1.192651
786 1.192800
787 1.192136
788 1.191521
789 1.191448
790 1.191853
791 1.192511
792 1.192497
793 1.192150
794 1.192442
795 1.191557
796 1.191552
797 1.191253
798 1.191293
799 1.191559
800 1.191934
801 1.191476
802 1.192126
803 1.192506
804 1.192100
805 1.192492
806 1.192238
807 1.191692
808 1.191908
809 1.191932
810 1.192069
811 1.192364
812 1.192354
813 1.192487
814 1.192300
815 1.192874
816 1.193161
817 1.192943
818 1.192760
819 1.192648
820 1.192841
821 1.192074
822 1.192012
823 1.192516
824 1.193019
825 1.192883
826 1.192395
827 1.192608
828 1.192618
829 1.192905
830 1.192739
831 1.192729
832 1.192898
833 1.192845
834 1.192952
835 1.192478
836 1.193092
837 1.193678
838 1.194340
839 1.194858
840 1.195010
841 1.194827
842 1.195695
843 1.195351
844 1.195719
845 1.195064
846 1.194886
847 1.194431
848 1.194191
849 1.194737
850 1.194874
851 1.195337
852 1.194824
853 1.194976
854 1.194860
855 1.194272
856 1.194345
857 1.194238
858 1.194037
859 1.194554
860 1.193761
861 1.193778
862 1.193747
863 1.193270
864 1.193090
865 1.192831
866 1.192537
867 1.191918
868 1.191607
869 1.190831
870 1.190802
871 1.190731
872 1.190985
873 1.191291
874 1.191172
875 1.191403
876 1.191227
877 1.191469
878 1.191609
879 1.192511
880 1.192440
881 1.192684
882 1.192418
883 1.192947
884 1.192957
885 1.192501
886 1.191595
887 1.191697
888 1.191531
889 1.191028
890 1.191051
891 1.190788
892 1.191505
893 1.192074
894 1.192126
895 1.192380
896 1.191585
897 1.192036
898 1.191770
899 1.191880
900 1.192100
901 1.191863
902 1.191557
903 1.191199
904 1.190812
905 1.190475
906 1.190071
907 1.189585
908 1.189836
909 1.190323
910 1.190247
911 1.190114
912 1.190532
913 1.190283
914 1.190674
915 1.190316
916 1.190423
917 1.190482
918 1.190501
919 1.190892
920 1.190010
921 1.190216
922 1.190444
923 1.190309
924 1.190107
925 1.189704
926 1.190513
927 1.191419
928 1.190525
929 1.190408
930 1.190776
931 1.191445
932 1.191360
933 1.191237
934 1.191040
935 1.190947
936 1.191013
937 1.191234
938 1.191602
939 1.191813
940 1.192048
941 1.191683
942 1.191742
943 1.191685
944 1.191626
945 1.191884
946 1.191023
947 1.191042
948 1.190814
949 1.191115
950 1.191647
951 1.192096
952 1.191953
953 1.191813
954 1.191604
955 1.191400
956 1.191633
957 1.191611
958 1.192017
959 1.192062
960 1.192221
961 1.191573
962 1.191400
963 1.191846
964 1.192155
965 1.192599
966 1.193125
967 1.193455
968 1.193175
969 1.193370
970 1.192912
971 1.193192
972 1.192997
973 1.193631
974 1.193413
975 1.193465
976 1.193114
977 1.192779
978 1.192525
979 1.192468
980 1.192418
981 1.192311
982 1.191998
983 1.192224
984 1.191951
985 1.191763
986 1.192103
987 1.192290
988 1.191754
989 1.192255
990 1.192606
991 1.192656
992 1.192058
993 1.192746
994 1.193154
995 1.192898
996 1.192841
997 1.192893
998 1.192069
999 1.192449
1000 1.192193
