1 1.169675
2 1.159377
3 1.152186
4 1.145127
5 1.140049
6 1.134425
7 1.128184
8 1.122654
9 1.117161
10 1.112427
11 1.106720
12 1.100787
13 1.093906
14 1.087914
15 1.081886
16 1.074898
17 1.068704
18 1.062962
19 1.057694
20 1.052936
21 1.048925
22 1.042945
23 1.039671
24 1.035008
25 1.031816
26 1.028957
27 1.025611
28 1.023119
29 1.021743
30 1.019109
31 1.015952
32 1.012832
33 1.010720
34 1.008383
35 1.006460
36 1.004788
37 1.002723
38 1.002901
39 1.001098
40 1.000492
41 0.999377
42 0.999531
43 0.998380
44 0.998108
45 0.997930
46 0.998297
47 0.997918
48 0.997835
49 0.997657
50 0.996553
51 0.996577
52 0.996672
53 0.996814
54 0.995865
55 0.996992
56 0.996767
57 0.996660
58 0.998535
59 0.998274
60 0.999223
61 0.999579
62 0.999448
63 1.000528
64 1.002569
65 1.004040
66 1.004752
67 1.006069
68 1.006567
69 1.007042
70 1.007801
71 1.008169
72 1.009486
73 1.009984
74 1.011788
75 1.013425
76 1.013710
77 1.013627
78 1.015573
79 1.017305
80 1.017709
81 1.018776
82 1.020366
83 1.020378
84 1.022039
85 1.024009
86 1.024009
87 1.024911
88 1.025326
89 1.026323
90 1.026678
91 1.028873
92 1.029763
93 1.031377
94 1.033382
95 1.034486
96 1.035008
97 1.036004
98 1.037393
99 1.039327
100 1.040632
101 1.042720
102 1.043622
103 1.044713
104 1.047774
105 1.049507
106 1.050100
107 1.049993
108 1.052010
109 1.053042
110 1.052781
111 1.054431
112 1.056887
113 1.059105
114 1.060755
115 1.061526
116 1.062902
117 1.064528
118 1.066604
119 1.068075
120 1.067933
121 1.068230
122 1.069713
123 1.072216
124 1.073225
125 1.074898
126 1.076262
127 1.078089
128 1.079644
129 1.081566
130 1.083369
131 1.082325
132 1.083571
133 1.083963
134 1.083986
135 1.084793
136 1.086359
137 1.087676
138 1.088637
139 1.088270
140 1.088993
141 1.088851
142 1.090595
143 1.090168
144 1.090975
145 1.091402
146 1.093051
147 1.093870
148 1.093550
149 1.095175
150 1.095792
151 1.096504
152 1.096551
153 1.097180
154 1.097999
155 1.098474
156 1.098414
157 1.100408
158 1.100040
159 1.101001
160 1.102081
161 1.104489
162 1.104608
163 1.106589
164 1.106886
165 1.107455
166 1.108998
167 1.110006
168 1.110552
169 1.111940
170 1.112391
171 1.112213
172 1.112201
173 1.112652
174 1.114990
175 1.114242
176 1.116188
177 1.117493
178 1.117991
179 1.120222
180 1.120198
181 1.119997
182 1.121349
183 1.122204
184 1.123117
185 1.122915
186 1.123758
187 1.123093
188 1.123022
189 1.122227
190 1.123343
191 1.124387
192 1.125514
193 1.125882
194 1.125419
195 1.124007
196 1.124861
197 1.124541
198 1.125205
199 1.125466
200 1.126000
201 1.126724
202 1.127673
203 1.128243
204 1.130070
205 1.130011
206 1.130165
207 1.129892
208 1.131067
209 1.131162
210 1.131257
211 1.131494
212 1.132740
213 1.134982
214 1.136311
215 1.136157
216 1.137189
217 1.138233
218 1.139159
219 1.139610
220 1.139491
221 1.138933
222 1.137509
223 1.137509
224 1.136406
225 1.137604
226 1.137331
227 1.136691
228 1.137165
229 1.137877
230 1.138138
231 1.138981
232 1.140143
233 1.138103
234 1.137699
235 1.137913
236 1.138352
237 1.138554
238 1.140938
239 1.140191
240 1.139384
241 1.140499
242 1.141567
243 1.141876
244 1.141721
245 1.141591
246 1.141555
247 1.141733
248 1.142813
249 1.141888
250 1.141793
251 1.142955
252 1.142718
253 1.143300
254 1.143667
255 1.143205
256 1.144118
257 1.144000
258 1.143323
259 1.143750
260 1.143371
261 1.144130
262 1.143228
263 1.142516
264 1.143466
265 1.141674
266 1.142683
267 1.143228
268 1.142433
269 1.143181
270 1.143003
271 1.144878
272 1.144391
273 1.145827
274 1.145103
275 1.144593
276 1.144439
277 1.145139
278 1.145993
279 1.145791
280 1.145554
281 1.147096
282 1.147168
283 1.147796
284 1.148105
285 1.149066
286 1.149588
287 1.150597
288 1.151522
289 1.151273
290 1.150597
291 1.151415
292 1.151415
293 1.153219
294 1.153088
295 1.152685
296 1.151736
297 1.151747
298 1.151534
299 1.150419
300 1.150668
301 1.149730
302 1.150632
303 1.150110
304 1.150988
305 1.150074
306 1.150941
307 1.151297
308 1.152447
309 1.152400
310 1.152934
311 1.151546
312 1.150430
313 1.150869
314 1.150668
315 1.151178
316 1.150158
317 1.151700
318 1.151937
319 1.152020
320 1.151463
321 1.151581
322 1.152186
323 1.153848
324 1.152875
325 1.153622
326 1.153658
327 1.155461
328 1.155188
329 1.155473
330 1.156137
331 1.154927
332 1.155520
333 1.156541
334 1.156624
335 1.156565
336 1.156671
337 1.157110
338 1.156576
339 1.154820
340 1.155805
341 1.156221
342 1.156802
343 1.156802
344 1.157929
345 1.158143
346 1.158522
347 1.158712
348 1.159175
349 1.158297
350 1.157502
351 1.156161
352 1.155592
353 1.155722
354 1.154963
355 1.155319
356 1.155924
357 1.153681
358 1.153231
359 1.154370
360 1.154714
361 1.154654
362 1.154951
363 1.155307
364 1.155983
365 1.155414
366 1.155722
367 1.155592
368 1.156090
369 1.156090
370 1.155959
371 1.156707
372 1.156992
373 1.158238
374 1.158404
375 1.158036
376 1.157917
377 1.158012
378 1.157656
379 1.158060
380 1.158238
381 1.158095
382 1.157704
383 1.155568
384 1.155841
385 1.155188
386 1.155188
387 1.155853
388 1.155449
389 1.155604
390 1.156339
391 1.156553
392 1.156909
393 1.158487
394 1.156885
395 1.157621
396 1.157680
397 1.157514
398 1.158688
399 1.157621
400 1.158178
401 1.158665
402 1.159721
403 1.159377
404 1.159661
405 1.161156
406 1.161358
407 1.161358
408 1.160480
409 1.159792
410 1.159234
411 1.159495
412 1.160255
413 1.160255
414 1.159934
415 1.160468
416 1.161311
417 1.161572
418 1.160931
419 1.161133
420 1.160919
421 1.160504
422 1.159768
423 1.160622
424 1.160990
425 1.161441
426 1.162011
427 1.161382
428 1.160266
429 1.160350
430 1.156909
431 1.156565
432 1.156470
433 1.156648
434 1.157229
435 1.155746
436 1.154690
437 1.154892
438 1.156173
439 1.156102
440 1.155734
441 1.157170
442 1.157265
443 1.157466
444 1.159222
445 1.161655
446 1.160860
447 1.160350
448 1.158534
449 1.157751
450 1.156873
451 1.157146
452 1.156446
453 1.157004
454 1.157656
455 1.156529
456 1.157300
457 1.158558
458 1.158866
459 1.159472
460 1.160290
461 1.159792
462 1.158570
463 1.157632
464 1.158677
465 1.157977
466 1.158783
467 1.160005
468 1.160789
469 1.162568
470 1.163114
471 1.161892
472 1.163055
473 1.162331
474 1.164407
475 1.164692
476 1.163957
477 1.164941
478 1.165523
479 1.165285
480 1.166484
481 1.166591
482 1.167148
483 1.166472
484 1.167077
485 1.165606
486 1.163280
487 1.163743
488 1.163209
489 1.163304
490 1.163565
491 1.162829
492 1.162924
493 1.162901
494 1.161880
495 1.162094
496 1.163185
497 1.163695
498 1.162829
499 1.162580
500 1.162960
501 1.163245
502 1.162877
503 1.161892
504 1.162817
505 1.160824
506 1.161299
507 1.161287
508 1.160907
509 1.162034
510 1.160397
511 1.161109
512 1.159792
513 1.160943
514 1.161144
515 1.162070
516 1.161322
517 1.160705
518 1.160563
519 1.161595
520 1.160990
521 1.159305
522 1.160302
523 1.160504
524 1.161263
525 1.161690
526 1.161963
527 1.160658
528 1.159472
529 1.160148
530 1.158439
531 1.158534
532 1.157621
533 1.157739
534 1.157929
535 1.157988
536 1.158309
537 1.159127
538 1.159899
539 1.161263
540 1.163779
541 1.164312
542 1.164040
543 1.164609
544 1.163992
545 1.164550
546 1.164158
547 1.163482
548 1.162782
549 1.161263
550 1.161975
551 1.162307
552 1.161975
553 1.161572
554 1.161928
555 1.162023
556 1.161156
557 1.161441
558 1.161441
559 1.161595
560 1.161180
561 1.160741
562 1.161085
563 1.161097
564 1.159472
565 1.159044
566 1.158238
567 1.157692
568 1.156802
569 1.157110
570 1.157965
571 1.157988
572 1.157858
573 1.159388
574 1.158356
575 1.159044
576 1.158961
577 1.158665
578 1.158843
579 1.158866
580 1.160326
581 1.159436
582 1.158605
583 1.158807
584 1.158866
585 1.159851
586 1.159234
587 1.158487
588 1.160065
589 1.159424
590 1.160148
591 1.159483
592 1.159816
593 1.159495
594 1.160255
595 1.162224
596 1.161987
597 1.161845
598 1.161156
599 1.161619
600 1.160504
601 1.161085
602 1.159875
603 1.160907
604 1.160978
605 1.162272
606 1.162853
607 1.164229
608 1.164918
609 1.164692
610 1.163268
611 1.160682
612 1.161536
613 1.162355
614 1.162580
615 1.162746
616 1.163375
617 1.163672
618 1.163802
619 1.164134
620 1.163850
621 1.163636
622 1.163328
623 1.161524
624 1.162046
625 1.161358
626 1.160089
627 1.160741
628 1.159804
629 1.161121
630 1.160812
631 1.160978
632 1.160955
633 1.160302
634 1.160622
635 1.160563
636 1.160005
637 1.161643
638 1.161322
639 1.161595
640 1.159934
641 1.160468
642 1.159614
643 1.160551
644 1.161441
645 1.162580
646 1.163553
647 1.162497
648 1.160753
649 1.162616
650 1.164004
651 1.164194
652 1.164585
653 1.165535
654 1.164668
655 1.164479
656 1.165511
657 1.166294
658 1.166282
659 1.165890
660 1.165867
661 1.164253
662 1.163043
663 1.162628
664 1.163328
665 1.162462
666 1.162485
667 1.161061
668 1.162901
669 1.162284
670 1.162224
671 1.163423
672 1.162877
673 1.163067
674 1.163660
675 1.163755
676 1.164407
677 1.164289
678 1.163340
679 1.164229
680 1.165997
681 1.166341
682 1.164348
683 1.163945
684 1.163114
685 1.162189
686 1.161987
687 1.163458
688 1.162580
689 1.162319
690 1.164312
691 1.165950
692 1.165938
693 1.165143
694 1.164977
695 1.163897
696 1.164763
697 1.165475
698 1.166152
699 1.167077
700 1.167338
701 1.168335
702 1.168026
703 1.169035
704 1.167101
705 1.164763
706 1.164763
707 1.163078
708 1.162865
709 1.162367
710 1.162200
711 1.161821
712 1.162011
713 1.160717
714 1.161928
715 1.162343
716 1.160302
717 1.162295
718 1.162924
719 1.164846
720 1.165250
721 1.164716
722 1.165736
723 1.165250
724 1.163980
725 1.164158
726 1.164573
727 1.163909
728 1.163553
729 1.164633
730 1.165048
731 1.164443
732 1.163957
733 1.162533
734 1.162165
735 1.163019
736 1.162616
737 1.162284
738 1.162901
739 1.163114
740 1.162960
741 1.162212
742 1.162687
743 1.161845
744 1.161026
745 1.161512
746 1.161109
747 1.160717
748 1.159483
749 1.160255
750 1.160219
751 1.160100
752 1.160492
753 1.159199
754 1.159756
755 1.159483
756 1.160468
757 1.160148
758 1.159519
759 1.160646
760 1.160468
761 1.161144
762 1.160777
763 1.159650
764 1.160765
765 1.160824
766 1.161002
767 1.159875
768 1.159816
769 1.159566
770 1.158558
771 1.157751
772 1.157015
773 1.155698
774 1.155485
775 1.156707
776 1.159044
777 1.158760
778 1.159305
779 1.160907
780 1.160338
781 1.159863
782 1.158558
783 1.158807
784 1.159911
785 1.160919
786 1.162770
787 1.161963
788 1.160978
789 1.161690
790 1.163102
791 1.161465
792 1.162746
793 1.162058
794 1.160943
795 1.161655
796 1.161785
797 1.161631
798 1.161429
799 1.161477
800 1.161939
801 1.161595
802 1.161690
803 1.162165
804 1.162153
805 1.162865
806 1.162307
807 1.162236
808 1.161821
809 1.161429
810 1.161121
811 1.159733
812 1.160504
813 1.159436
814 1.159744
815 1.159970
816 1.161406
817 1.161619
818 1.160622
819 1.159673
820 1.159590
821 1.161121
822 1.162509
823 1.163233
824 1.165238
825 1.165736
826 1.165262
827 1.165629
828 1.164989
829 1.165701
830 1.166330
831 1.164111
832 1.162770
833 1.162960
834 1.164443
835 1.164123
836 1.163434
837 1.161975
838 1.161892
839 1.160433
840 1.158558
841 1.157502
842 1.157419
843 1.159151
844 1.158938
845 1.158582
846 1.159650
847 1.159578
848 1.159934
849 1.159887
850 1.160005
851 1.158760
852 1.158617
853 1.159365
854 1.156707
855 1.156873
856 1.156161
857 1.156541
858 1.157146
859 1.157597
860 1.158261
861 1.159341
862 1.159851
863 1.160077
864 1.159483
865 1.160350
866 1.161061
867 1.162165
868 1.161868
869 1.162651
870 1.162414
871 1.162841
872 1.162806
873 1.162462
874 1.163197
875 1.163458
876 1.163256
877 1.161785
878 1.162378
879 1.162414
880 1.161726
881 1.162307
882 1.162414
883 1.162770
884 1.162236
885 1.161465
886 1.162450
887 1.162189
888 1.162580
889 1.162295
890 1.161690
891 1.162841
892 1.162675
893 1.163375
894 1.162829
895 1.160967
896 1.161168
897 1.160741
898 1.161595
899 1.162556
900 1.161643
901 1.162877
902 1.164906
903 1.163434
904 1.163292
905 1.163280
906 1.163992
907 1.163292
908 1.163612
909 1.163363
910 1.162853
911 1.165072
912 1.164324
913 1.164918
914 1.165629
915 1.165060
916 1.166104
917 1.165736
918 1.166543
919 1.166163
920 1.167314
921 1.166448
922 1.165297
923 1.165582
924 1.165665
925 1.166068
926 1.165938
927 1.167219
928 1.168584
929 1.168655
930 1.169130
931 1.169557
932 1.168857
933 1.168797
934 1.170031
935 1.169130
936 1.168952
937 1.168287
938 1.167279
939 1.166413
940 1.166341
941 1.166246
942 1.165475
943 1.165380
944 1.165736
945 1.165997
946 1.165048
947 1.163826
948 1.164918
949 1.165190
950 1.165357
951 1.165523
952 1.165879
953 1.164526
954 1.163980
955 1.163802
956 1.162841
957 1.162806
958 1.162889
959 1.162023
960 1.161192
961 1.161168
962 1.160539
963 1.159721
964 1.160872
965 1.161417
966 1.161524
967 1.161144
968 1.161595
969 1.161655
970 1.161726
971 1.162343
972 1.162639
973 1.162106
974 1.163565
975 1.161299
976 1.160278
977 1.159104
978 1.159341
979 1.158368
980 1.158736
981 1.157893
982 1.158748
983 1.157312
984 1.158155
985 1.157466
986 1.156363
987 1.156280
988 1.155639
989 1.155722
990 1.156470
991 1.156505
992 1.156114
993 1.156161
994 1.155900
995 1.156398
996 1.156600
997 1.155437
998 1.155437
999 1.157015
1000 1.157858
1001 1.159305
1002 1.158048
1003 1.157858
1004 1.158522
1005 1.158036
1006 1.156731
1007 1.157015
1008 1.158617
1009 1.158285
1010 1.159650
1011 1.159792
1012 1.160931
1013 1.161417
1014 1.161489
1015 1.161892
1016 1.161714
1017 1.162782
1018 1.164360
1019 1.163494
1020 1.164206
1021 1.164372
1022 1.164134
1023 1.162236
1024 1.161785
1025 1.162248
1026 1.161643
1027 1.160041
1028 1.159827
1029 1.160658
1030 1.160836
1031 1.159721
1032 1.159934
1033 1.161417
1034 1.162628
1035 1.162307
1036 1.162782
1037 1.163173
1038 1.162497
1039 1.161821
1040 1.161928
1041 1.162817
1042 1.163173
1043 1.163779
1044 1.164158
1045 1.163482
1046 1.162058
1047 1.162450
1048 1.162580
1049 1.163672
1050 1.164657
1051 1.166211
1052 1.165641
1053 1.165024
1054 1.164929
1055 1.164134
1056 1.164123
1057 1.163636
1058 1.163221
1059 1.162877
1060 1.162260
1061 1.161322
1062 1.159970
1063 1.158475
1064 1.158795
1065 1.159009
1066 1.158771
1067 1.160456
1068 1.160694
1069 1.161868
1070 1.160990
1071 1.159388
1072 1.159436
1073 1.159258
1074 1.159590
1075 1.158297
1076 1.159472
1077 1.159899
1078 1.159863
1079 1.159294
1080 1.160860
1081 1.160183
1082 1.160077
1083 1.159733
1084 1.160409
1085 1.160231
1086 1.159970
1087 1.160978
1088 1.160978
1089 1.161406
1090 1.162200
1091 1.162331
1092 1.163411
1093 1.163268
1094 1.164253
1095 1.164324
1096 1.163197
1097 1.161714
1098 1.161809
1099 1.161690
1100 1.161394
1101 1.161394
1102 1.161975
1103 1.161607
1104 1.162806
1105 1.163790
1106 1.164680
1107 1.164265
1108 1.164680
1109 1.164633
1110 1.164099
1111 1.163767
1112 1.162782
1113 1.161833
1114 1.162343
1115 1.162248
1116 1.163031
1117 1.163209
1118 1.164087
1119 1.163150
1120 1.164573
1121 1.163695
1122 1.163719
1123 1.164941
1124 1.164502
1125 1.165024
1126 1.167018
1127 1.165368
1128 1.164775
1129 1.163885
1130 1.163138
1131 1.163078
1132 1.163885
1133 1.163779
1134 1.162746
1135 1.162901
1136 1.163114
1137 1.162853
1138 1.162414
1139 1.161121
1140 1.161263
1141 1.161477
1142 1.160883
1143 1.161097
1144 1.160302
1145 1.162568
1146 1.162426
1147 1.161821
1148 1.161560
1149 1.160753
1150 1.160741
1151 1.161524
1152 1.161975
1153 1.161358
1154 1.161524
1155 1.159661
1156 1.159187
1157 1.159246
1158 1.158107
1159 1.158831
1160 1.159033
1161 1.158439
1162 1.157882
1163 1.157324
1164 1.156565
1165 1.156161
1166 1.155639
1167 1.155295
1168 1.155105
1169 1.156588
1170 1.157336
1171 1.157371
1172 1.157502
1173 1.157656
1174 1.158522
1175 1.158724
1176 1.158653
1177 1.159282
1178 1.158760
1179 1.158475
1180 1.158487
1181 1.158392
1182 1.159436
1183 1.159412
1184 1.159080
1185 1.159780
1186 1.160682
1187 1.160231
1188 1.160682
1189 1.159804
1190 1.159495
1191 1.158427
1192 1.158060
1193 1.157573
1194 1.156529
1195 1.156268
1196 1.157454
1197 1.156944
1198 1.157727
1199 1.157526
1200 1.158344
1201 1.159104
1202 1.159151
1203 1.159934
1204 1.161180
1205 1.160136
1206 1.160670
1207 1.161655
1208 1.161987
1209 1.160516
1210 1.160978
1211 1.160646
1212 1.160943
1213 1.162248
1214 1.163292
1215 1.163256
1216 1.164028
1217 1.163731
1218 1.164028
1219 1.164455
1220 1.163873
1221 1.163304
1222 1.163150
1223 1.164657
1224 1.166223
1225 1.166116
1226 1.165487
1227 1.163589
1228 1.164206
1229 1.164467
1230 1.164965
1231 1.165214
1232 1.164087
1233 1.165297
1234 1.165974
1235 1.166211
1236 1.164906
1237 1.166128
1238 1.165096
1239 1.164906
1240 1.165262
1241 1.165926
1242 1.166270
1243 1.167267
1244 1.166424
1245 1.167208
1246 1.167065
1247 1.168204
1248 1.168453
1249 1.168252
1250 1.168370
1251 1.168608
1252 1.167409
1253 1.167647
1254 1.167053
1255 1.166804
1256 1.167718
1257 1.165653
1258 1.166958
1259 1.167053
1260 1.167338
1261 1.168619
1262 1.168335
1263 1.168631
1264 1.167362
1265 1.168394
1266 1.168228
1267 1.168204
1268 1.167682
1269 1.167635
1270 1.167658
1271 1.166662
1272 1.165641
1273 1.165036
1274 1.165902
1275 1.166507
1276 1.165641
1277 1.165096
1278 1.166863
1279 1.166840
1280 1.167635
1281 1.166769
1282 1.168501
1283 1.168038
1284 1.167314
1285 1.166614
1286 1.167208
1287 1.166389
1288 1.166033
1289 1.165819
1290 1.164455
1291 1.164728
1292 1.165416
1293 1.165558
1294 1.164977
1295 1.163031
1296 1.162462
1297 1.162343
1298 1.162746
1299 1.162592
1300 1.162675
1301 1.161500
1302 1.161038
1303 1.160622
1304 1.160694
1305 1.161085
1306 1.161406
1307 1.160456
1308 1.160350
1309 1.160373
1310 1.160694
1311 1.161228
1312 1.161999
1313 1.163055
1314 1.162924
1315 1.163090
1316 1.161773
1317 1.161595
1318 1.161548
1319 1.161963
1320 1.164965
1321 1.162960
1322 1.163102
1323 1.161987
1324 1.162212
1325 1.161346
1326 1.161299
1327 1.161963
1328 1.162473
1329 1.162723
1330 1.163340
1331 1.163957
1332 1.163185
1333 1.163470
1334 1.163707
1335 1.163138
1336 1.162936
1337 1.162936
1338 1.162011
1339 1.162651
1340 1.161239
1341 1.162165
1342 1.163328
1343 1.163150
1344 1.163185
1345 1.162200
1346 1.162580
1347 1.162580
1348 1.162414
1349 1.163102
1350 1.164194
1351 1.165629
1352 1.166994
1353 1.167279
1354 1.166591
1355 1.165131
1356 1.164965
1357 1.165345
1358 1.163968
1359 1.164336
1360 1.165143
1361 1.167113
1362 1.166828
1363 1.166923
1364 1.167243
1365 1.165843
1366 1.164253
1367 1.164787
1368 1.165582
1369 1.166163
1370 1.166235
1371 1.164087
1372 1.162307
1373 1.161845
1374 1.161239
1375 1.162224
1376 1.162153
1377 1.162948
1378 1.163755
1379 1.164004
1380 1.164075
1381 1.163126
1382 1.164241
1383 1.163802
1384 1.163102
1385 1.163909
1386 1.163648
1387 1.162711
1388 1.161394
1389 1.161678
1390 1.162082
1391 1.161489
1392 1.161394
1393 1.162545
1394 1.162865
1395 1.162473
1396 1.163411
1397 1.164170
1398 1.163387
1399 1.164028
1400 1.162889
1401 1.161868
1402 1.162058
1403 1.163245
1404 1.162889
1405 1.163138
1406 1.161963
1407 1.160800
1408 1.160492
1409 1.160611
1410 1.162224
1411 1.162331
1412 1.162497
1413 1.163684
1414 1.162604
1415 1.162284
1416 1.162153
1417 1.161453
1418 1.161868
1419 1.161999
1420 1.161548
1421 1.161500
1422 1.162070
1423 1.161975
1424 1.161667
1425 1.161477
1426 1.161821
1427 1.162070
1428 1.161500
1429 1.162485
1430 1.162402
1431 1.163221
1432 1.163162
1433 1.164123
1434 1.165024
1435 1.163624
1436 1.163529
1437 1.164787
1438 1.164680
1439 1.162355
1440 1.161773
1441 1.161797
1442 1.162106
1443 1.162367
1444 1.162390
1445 1.162924
1446 1.162770
1447 1.163138
1448 1.163031
1449 1.161572
1450 1.161061
1451 1.160919
1452 1.163138
1453 1.163280
1454 1.163695
1455 1.163173
1456 1.162106
1457 1.161370
1458 1.159922
1459 1.160551
1460 1.161346
1461 1.160172
1462 1.160112
1463 1.162034
1464 1.161370
1465 1.161061
1466 1.161346
1467 1.160278
1468 1.161441
1469 1.160231
1470 1.160160
1471 1.161785
1472 1.161916
1473 1.161584
1474 1.160148
1475 1.161809
1476 1.161690
1477 1.161002
1478 1.161441
1479 1.163078
1480 1.162865
1481 1.163909
1482 1.164372
1483 1.163921
1484 1.163601
1485 1.163458
1486 1.163173
1487 1.162865
1488 1.163375
1489 1.162236
1490 1.162865
1491 1.163517
1492 1.164787
1493 1.165724
1494 1.165914
1495 1.164241
1496 1.164562
1497 1.164063
1498 1.165262
1499 1.165238
1500 1.164680
1501 1.164977
1502 1.164894
1503 1.164407
1504 1.165380
1505 1.166377
1506 1.166994
1507 1.167599
1508 1.167219
1509 1.166721
1510 1.165855
1511 1.165570
1512 1.165380
1513 1.165238
1514 1.164787
1515 1.165238
1516 1.165748
1517 1.166377
1518 1.165511
1519 1.165048
1520 1.164835
1521 1.164704
1522 1.164846
1523 1.166401
1524 1.167374
1525 1.166484
1526 1.165190
1527 1.166626
1528 1.166804
1529 1.167053
1530 1.167457
1531 1.168086
1532 1.166828
1533 1.166887
1534 1.167552
1535 1.166863
1536 1.167219
1537 1.167777
1538 1.167124
1539 1.166579
1540 1.167611
1541 1.168014
1542 1.167469
1543 1.167148
1544 1.166021
1545 1.166579
1546 1.166235
1547 1.165084
1548 1.165582
1549 1.164823
1550 1.164953
1551 1.165226
1552 1.164111
1553 1.166009
1554 1.165179
1555 1.165974
1556 1.165974
1557 1.165463
1558 1.165274
1559 1.166187
1560 1.166804
1561 1.166294
1562 1.166436
1563 1.167955
1564 1.169118
1565 1.167587
1566 1.166330
1567 1.165333
1568 1.165190
1569 1.164336
1570 1.164324
1571 1.162521
1572 1.162117
1573 1.161524
1574 1.161512
1575 1.161453
1576 1.163150
1577 1.162331
1578 1.162343
1579 1.162200
1580 1.160729
1581 1.161370
1582 1.161595
1583 1.161667
1584 1.161714
1585 1.160183
1586 1.159614
1587 1.159507
1588 1.159388
1589 1.159483
1590 1.159495
1591 1.159994
1592 1.160919
1593 1.161322
1594 1.162723
1595 1.162580
1596 1.162806
1597 1.162260
1598 1.163933
1599 1.164621
1600 1.164918
1601 1.164253
1602 1.163601
1603 1.164621
1604 1.165606
1605 1.166199
1606 1.165345
1607 1.165190
1608 1.164846
1609 1.164965
1610 1.163185
1611 1.163767
1612 1.162580
1613 1.162604
1614 1.162284
1615 1.162545
1616 1.163577
1617 1.162936
1618 1.160634
1619 1.160100
1620 1.159970
1621 1.160587
1622 1.161322
1623 1.162331
1624 1.162295
1625 1.161975
1626 1.162782
1627 1.161928
1628 1.161512
1629 1.161821
1630 1.162011
1631 1.161192
1632 1.162390
1633 1.162485
1634 1.163007
1635 1.162912
1636 1.162390
1637 1.163423
1638 1.161714
1639 1.161216
1640 1.161121
1641 1.160231
1642 1.160539
1643 1.161417
1644 1.161287
1645 1.162284
1646 1.163031
1647 1.163850
1648 1.165072
1649 1.165677
1650 1.166970
1651 1.167136
1652 1.167730
1653 1.168952
1654 1.169236
1655 1.169581
1656 1.169391
1657 1.167872
1658 1.167860
1659 1.166733
1660 1.166496
1661 1.165772
1662 1.166591
1663 1.166163
1664 1.165214
1665 1.164728
1666 1.165772
1667 1.165938
1668 1.164965
1669 1.163328
1670 1.163779
1671 1.164396
1672 1.164372
1673 1.164206
1674 1.163980
1675 1.164763
1676 1.163957
1677 1.164906
1678 1.165736
1679 1.164870
1680 1.165345
1681 1.163802
1682 1.163031
1683 1.161417
1684 1.162189
1685 1.161584
1686 1.161263
1687 1.161500
1688 1.161026
1689 1.159626
1690 1.159448
1691 1.160089
1692 1.159614
1693 1.159472
1694 1.160041
1695 1.160741
1696 1.162011
1697 1.162924
1698 1.161512
1699 1.161014
1700 1.161334
1701 1.161928
1702 1.161963
1703 1.163826
1704 1.164218
1705 1.162390
1706 1.163636
1707 1.161619
1708 1.160729
1709 1.161572
1710 1.160195
1711 1.160409
1712 1.159294
1713 1.159661
1714 1.159626
1715 1.158617
1716 1.159875
1717 1.160551
1718 1.160800
1719 1.161750
1720 1.160444
1721 1.161311
1722 1.161963
1723 1.162901
1724 1.163802
1725 1.162806
1726 1.161868
1727 1.161441
1728 1.161239
1729 1.161144
1730 1.160658
1731 1.161477
1732 1.160919
1733 1.160551
1734 1.160409
1735 1.159827
1736 1.160017
1737 1.160041
1738 1.160516
1739 1.161678
1740 1.162272
1741 1.162817
1742 1.161868
1743 1.161002
1744 1.161394
1745 1.161133
1746 1.160599
1747 1.161073
1748 1.160990
1749 1.161916
1750 1.162070
1751 1.162687
1752 1.161417
1753 1.161370
1754 1.162272
1755 1.162082
1756 1.162877
1757 1.163055
1758 1.163850
1759 1.162473
1760 1.161311
1761 1.160646
1762 1.160373
1763 1.161085
1764 1.161619
1765 1.161239
1766 1.160421
1767 1.160433
1768 1.159816
1769 1.160219
1770 1.160634
1771 1.162841
1772 1.161809
1773 1.161465
1774 1.161417
1775 1.161263
1776 1.159009
1777 1.157846
1778 1.156624
1779 1.157727
1780 1.158249
1781 1.160266
1782 1.160041
1783 1.159163
1784 1.159353
1785 1.159187
1786 1.159780
1787 1.159756
1788 1.161322
1789 1.162307
1790 1.162224
1791 1.163494
1792 1.162580
1793 1.162545
1794 1.161809
1795 1.161548
1796 1.159887
1797 1.160563
1798 1.161738
1799 1.162034
1800 1.161050
1801 1.160907
1802 1.161061
1803 1.160622
1804 1.160836
1805 1.161750
1806 1.162106
1807 1.161584
1808 1.162272
1809 1.162734
1810 1.162343
1811 1.162248
1812 1.162450
1813 1.162497
1814 1.162224
1815 1.161833
1816 1.161856
1817 1.163517
1818 1.163375
1819 1.162675
1820 1.162343
1821 1.161667
1822 1.160741
1823 1.161678
1824 1.160397
1825 1.160385
1826 1.160812
1827 1.159377
1828 1.159578
1829 1.161144
1830 1.162972
1831 1.162924
1832 1.162984
1833 1.163695
1834 1.162402
1835 1.163482
1836 1.164241
1837 1.162841
1838 1.162711
1839 1.163067
1840 1.162687
1841 1.161690
1842 1.162509
1843 1.161987
1844 1.161275
1845 1.162723
1846 1.162082
1847 1.160931
1848 1.163304
1849 1.162367
1850 1.163280
1851 1.165558
1852 1.164680
1853 1.163280
1854 1.163541
1855 1.165131
1856 1.164823
1857 1.163933
1858 1.165309
1859 1.165392
1860 1.165345
1861 1.165523
1862 1.164490
1863 1.162687
1864 1.162509
1865 1.163387
1866 1.162556
1867 1.162224
1868 1.164063
1869 1.163067
1870 1.162734
1871 1.163446
1872 1.161655
1873 1.161845
1874 1.159472
1875 1.159507
1876 1.159460
1877 1.160860
1878 1.161560
1879 1.162651
1880 1.161512
1881 1.162521
1882 1.163660
1883 1.165226
1884 1.165190
1885 1.165107
1886 1.166840
1887 1.167279
1888 1.166009
1889 1.165629
1890 1.164146
1891 1.164348
1892 1.165570
1893 1.165760
1894 1.167053
1895 1.166021
1896 1.165250
1897 1.164740
1898 1.165997
1899 1.164906
1900 1.165451
1901 1.164087
1902 1.164063
1903 1.163245
1904 1.163885
1905 1.165262
1906 1.164514
1907 1.163838
1908 1.164443
1909 1.163921
1910 1.163233
1911 1.165274
1912 1.164585
1913 1.164063
1914 1.165689
1915 1.165333
1916 1.164573
1917 1.164040
1918 1.164716
1919 1.165618
1920 1.165107
1921 1.165499
1922 1.166733
1923 1.167504
1924 1.168572
1925 1.167255
1926 1.166531
1927 1.166128
1928 1.165629
1929 1.165890
1930 1.166413
1931 1.165914
1932 1.165214
1933 1.166152
1934 1.166543
1935 1.166674
1936 1.167113
1937 1.167255
1938 1.165926
1939 1.163707
1940 1.162865
1941 1.162070
1942 1.160824
1943 1.161939
1944 1.161761
1945 1.161097
1946 1.161999
1947 1.161619
1948 1.162426
1949 1.163553
1950 1.162200
1951 1.161560
1952 1.162521
1953 1.162604
1954 1.162177
1955 1.161951
1956 1.162355
1957 1.162153
1958 1.163316
1959 1.163553
1960 1.163375
1961 1.161560
1962 1.160172
1963 1.161322
1964 1.160278
1965 1.159851
1966 1.160694
1967 1.160943
1968 1.161311
1969 1.160694
1970 1.160955
1971 1.160172
1972 1.159388
1973 1.157015
1974 1.157727
1975 1.157502
1976 1.157609
1977 1.156339
1978 1.156565
1979 1.155936
1980 1.156363
1981 1.157965
1982 1.157632
1983 1.158095
1984 1.159555
1985 1.160480
1986 1.161014
1987 1.162782
1988 1.162651
1989 1.163233
1990 1.164431
1991 1.165665
1992 1.165179
1993 1.165060
1994 1.163055
1995 1.162378
1996 1.162414
1997 1.161761
1998 1.161572
1999 1.162165
2000 1.163767
2001 1.163873
2002 1.165119
2003 1.163980
2004 1.163541
2005 1.162224
2006 1.162236
2007 1.162378
2008 1.161595
2009 1.160717
2010 1.159246
2011 1.160290
2012 1.159958
2013 1.160955
2014 1.160563
2015 1.159911
2016 1.161429
2017 1.161572
2018 1.163209
2019 1.163102
2020 1.163031
2021 1.162699
2022 1.162592
2023 1.161121
2024 1.161702
2025 1.161987
2026 1.160848
2027 1.160183
2028 1.158226
2029 1.157953
2030 1.158190
2031 1.158344
2032 1.158926
2033 1.159946
2034 1.159626
2035 1.160848
2036 1.161263
2037 1.160444
2038 1.160278
2039 1.160622
2040 1.160812
2041 1.161144
2042 1.160266
2043 1.160646
2044 1.162367
2045 1.162829
2046 1.164253
2047 1.163862
2048 1.163767
2049 1.165250
2050 1.165784
2051 1.167706
2052 1.166958
2053 1.167480
2054 1.167326
2055 1.167397
2056 1.166282
2057 1.166246
2058 1.165831
2059 1.166852
2060 1.167065
2061 1.166531
2062 1.167136
2063 1.166911
2064 1.166163
2065 1.165226
2066 1.165523
2067 1.166994
2068 1.166958
2069 1.165428
2070 1.165392
2071 1.165202
2072 1.165914
2073 1.165440
2074 1.163897
2075 1.163553
2076 1.163114
2077 1.166092
2078 1.167445
2079 1.167172
2080 1.166875
2081 1.167718
2082 1.166543
2083 1.166662
2084 1.167326
2085 1.166424
2086 1.166970
2087 1.167552
2088 1.166709
2089 1.164253
2090 1.165179
2091 1.165238
2092 1.165297
2093 1.165855
2094 1.164918
2095 1.165297
2096 1.164633
2097 1.164953
2098 1.165962
2099 1.165582
2100 1.166009
2101 1.166555
2102 1.166507
2103 1.165440
2104 1.165107
2105 1.166377
2106 1.166875
2107 1.166401
2108 1.166567
2109 1.166958
2110 1.166507
2111 1.165380
2112 1.165689
2113 1.166567
2114 1.167623
2115 1.166685
2116 1.165333
2117 1.165914
2118 1.165653
2119 1.164360
2120 1.162117
2121 1.161963
2122 1.162284
2123 1.162046
2124 1.163387
2125 1.163173
2126 1.162948
2127 1.163067
2128 1.162046
2129 1.162877
2130 1.163589
2131 1.162046
2132 1.163695
2133 1.163601
2134 1.163968
2135 1.163411
2136 1.161477
2137 1.162343
2138 1.161216
2139 1.159685
2140 1.160397
2141 1.161050
2142 1.160800
2143 1.160955
2144 1.162260
2145 1.162236
2146 1.162723
2147 1.163173
2148 1.163102
2149 1.162248
2150 1.162414
2151 1.163850
2152 1.164384
2153 1.165499
2154 1.166567
2155 1.165914
2156 1.166128
2157 1.166116
2158 1.166424
2159 1.164396
2160 1.163648
2161 1.164194
2162 1.165048
2163 1.166662
2164 1.167338
2165 1.168062
2166 1.168145
2167 1.169901
2168 1.170008
2169 1.169877
2170 1.170375
2171 1.169545
2172 1.169047
2173 1.167718
2174 1.167385
2175 1.168026
2176 1.167006
2177 1.167587
2178 1.167374
2179 1.167457
2180 1.168821
2181 1.168513
2182 1.168643
2183 1.168619
2184 1.169438
2185 1.169533
2186 1.169142
2187 1.168797
2188 1.167967
2189 1.167397
2190 1.167172
2191 1.167018
2192 1.166033
2193 1.166401
2194 1.166223
2195 1.164396
2196 1.164775
2197 1.165131
2198 1.166638
2199 1.165879
2200 1.166152
2201 1.165618
2202 1.165380
2203 1.165902
2204 1.165938
2205 1.166852
2206 1.167860
2207 1.168655
2208 1.169853
2209 1.168145
2210 1.169331
2211 1.168774
2212 1.167492
2213 1.167160
2214 1.167801
2215 1.166757
2216 1.166080
2217 1.167314
2218 1.168002
2219 1.168608
2220 1.167587
2221 1.167967
2222 1.168916
2223 1.168216
2224 1.168833
2225 1.169177
2226 1.169735
2227 1.169711
2228 1.169189
2229 1.170138
2230 1.170482
2231 1.170352
2232 1.170601
2233 1.170340
2234 1.170482
2235 1.171242
2236 1.172013
2237 1.172167
2238 1.170174
2239 1.169153
2240 1.167979
2241 1.167860
2242 1.166092
2243 1.166946
2244 1.166353
2245 1.166816
2246 1.166958
2247 1.165499
2248 1.166199
2249 1.166567
2250 1.167172
2251 1.168145
2252 1.166496
2253 1.165831
2254 1.166436
2255 1.167113
2256 1.166935
2257 1.167528
2258 1.168857
2259 1.170399
2260 1.170435
2261 1.171230
2262 1.171004
2263 1.170969
2264 1.169794
2265 1.170328
2266 1.170221
2267 1.170553
2268 1.169794
2269 1.170506
2270 1.172215
2271 1.172677
2272 1.174374
2273 1.173413
2274 1.174065
2275 1.172357
2276 1.171633
2277 1.170589
2278 1.168394
2279 1.169581
2280 1.169723
2281 1.169296
2282 1.171396
2283 1.170340
2284 1.169652
2285 1.169236
2286 1.168109
2287 1.167409
2288 1.167433
2289 1.166507
2290 1.165890
2291 1.166591
2292 1.166591
2293 1.166697
2294 1.166899
2295 1.166413
2296 1.167196
2297 1.166970
2298 1.166567
2299 1.168275
2300 1.168525
2301 1.168169
2302 1.168714
2303 1.168750
2304 1.168299
2305 1.167421
2306 1.167457
2307 1.167623
2308 1.168821
2309 1.168299
2310 1.168857
2311 1.169047
2312 1.169094
2313 1.167255
2314 1.167540
2315 1.167231
2316 1.167030
2317 1.165819
2318 1.167504
2319 1.165357
2320 1.164728
2321 1.165060
2322 1.165855
2323 1.165546
2324 1.165784
2325 1.165155
2326 1.166496
2327 1.165523
2328 1.165926
2329 1.166330
2330 1.166828
2331 1.168667
2332 1.168584
2333 1.168394
2334 1.170352
2335 1.170862
2336 1.169379
2337 1.169082
2338 1.169604
2339 1.167267
2340 1.167433
2341 1.168192
2342 1.168263
2343 1.168014
2344 1.166531
2345 1.166721
2346 1.167919
2347 1.167730
2348 1.167469
2349 1.167326
2350 1.167196
2351 1.167884
2352 1.168157
2353 1.167018
2354 1.166911
2355 1.168299
2356 1.167279
2357 1.167908
2358 1.167006
2359 1.168928
2360 1.168263
2361 1.168880
2362 1.169142
2363 1.168880
2364 1.169996
2365 1.170067
2366 1.169948
2367 1.170031
2368 1.170577
2369 1.169699
2370 1.168786
2371 1.168619
2372 1.167362
2373 1.167848
2374 1.166472
2375 1.168845
2376 1.168513
2377 1.169070
2378 1.169735
2379 1.171384
2380 1.172369
2381 1.172108
2382 1.171289
2383 1.171123
2384 1.170209
2385 1.169818
2386 1.170103
2387 1.169521
2388 1.168323
2389 1.168370
2390 1.168821
2391 1.167291
2392 1.168263
2393 1.169319
2394 1.168299
2395 1.167694
2396 1.168275
2397 1.169023
2398 1.166745
2399 1.166745
2400 1.166021
2401 1.166377
2402 1.165985
2403 1.165202
2404 1.165819
2405 1.165404
2406 1.166116
2407 1.166033
2408 1.166840
2409 1.166365
2410 1.164799
2411 1.164182
2412 1.162770
2413 1.164633
2414 1.164989
2415 1.165701
2416 1.164858
2417 1.165274
2418 1.167101
2419 1.166946
2420 1.16