1 1.164016
2 1.150917
3 1.142499
4 1.135819
5 1.131073
6 1.126030
7 1.120548
8 1.115144
9 1.109348
10 1.104359
11 1.098877
12 1.092903
13 1.088282
14 1.083186
15 1.078374
16 1.073688
17 1.070899
18 1.067031
19 1.064190
20 1.060452
21 1.056816
22 1.053143
23 1.050842
24 1.047632
25 1.044832
26 1.041189
27 1.038609
28 1.036793
29 1.034325
30 1.033074
31 1.031727
32 1.030517
33 1.028974
34 1.027717
35 1.027367
36 1.025498
37 1.024845
38 1.023955
39 1.023991
40 1.022905
41 1.023166
42 1.023321
43 1.022449
44 1.023279
45 1.023576
46 1.022603
47 1.023528
48 1.023700
49 1.024252
50 1.023688
51 1.024110
52 1.023872
53 1.023267
54 1.024970
55 1.026904
56 1.027770
57 1.029223
58 1.029852
59 1.030297
60 1.030096
61 1.032035
62 1.033335
63 1.033471
64 1.033797
65 1.035233
66 1.036170
67 1.036076
68 1.038217
69 1.039416
70 1.039742
71 1.040982
72 1.042061
73 1.043681
74 1.044470
75 1.046754
76 1.047175
77 1.048771
78 1.049180
79 1.051150
80 1.053648
81 1.055048
82 1.056816
83 1.058803
84 1.058850
85 1.059396
86 1.061099
87 1.061366
88 1.062683
89 1.064996
90 1.066551
91 1.068497
92 1.069606
93 1.070686
94 1.071647
95 1.073996
96 1.075105
97 1.076511
98 1.077253
99 1.078825
100 1.079436
101 1.080682
102 1.081388
103 1.082954
104 1.084461
105 1.085179
106 1.086739
107 1.087546
108 1.089456
109 1.089747
110 1.091616
111 1.092737
112 1.093164
113 1.094232
114 1.096130
115 1.097091
116 1.098266
