1 1.162248
2 1.149600
3 1.140120
4 1.132597
5 1.127104
6 1.122251
7 1.118276
8 1.114029
9 1.109437
10 1.104833
11 1.101594
12 1.096290
13 1.091746
14 1.088317
15 1.084105
16 1.081091
17 1.077235
18 1.074447
19 1.070579
20 1.066652
21 1.062357
22 1.059402
23 1.057990
24 1.056543
25 1.053054
26 1.051310
27 1.049661
28 1.048546
29 1.047003
30 1.045639
31 1.042898
32 1.043289
33 1.041652
34 1.040762
35 1.039576
36 1.038235
37 1.037701
38 1.037072
39 1.035696
40 1.034913
41 1.034343
42 1.034403
43 1.034296
44 1.035304
45 1.035043
46 1.034889
47 1.033311
48 1.033169
49 1.034070
50 1.033726
51 1.034070
52 1.033928
53 1.034569
54 1.036040
55 1.036028
56 1.037820
57 1.037250
58 1.037084
59 1.038828
60 1.039445
61 1.041071
62 1.041913
63 1.042779
64 1.043325
65 1.043764
66 1.044808
67 1.045840
68 1.046315
69 1.046398
70 1.047407
71 1.050017
72 1.050681
73 1.051844
74 1.052188
75 1.053351
76 1.055048
77 1.057551
78 1.059497
79 1.060838
80 1.062689
81 1.066035
82 1.067636
83 1.069250
84 1.070033
85 1.071659
86 1.073379
87 1.075598
88 1.076132
89 1.077200
90 1.078410
91 1.079359
92 1.081554
93 1.082029
94 1.083274
95 1.084924
96 1.087665
97 1.090097
98 1.090999
99 1.091865
100 1.095377
101 1.097180
102 1.098260
103 1.098592
104 1.100111
105 1.099446
106 1.100787
107 1.102875
108 1.102864
109 1.104845
110 1.105581
111 1.105889
112 1.106304
113 1.106660
114 1.107776
115 1.108499
116 1.109864
117 1.111608
118 1.112071
119 1.111478
120 1.113210
121 1.114764
122 1.117339
123 1.120092
124 1.122287
125 1.122643
126 1.122571
127 1.123817
128 1.123390
129 1.124790
130 1.125704
131 1.127021
132 1.128160
133 1.129323
134 1.130699
135 1.132870
136 1.133107
137 1.133962
138 1.136299
139 1.136643
140 1.138257
141 1.138755
142 1.139194
143 1.139562
144 1.140476
145 1.141389
146 1.141852
147 1.143335
148 1.144427
149 1.145862
150 1.147073
151 1.146954
152 1.148235
153 1.148259
154 1.149552
155 1.151688
156 1.152115
157 1.151747
158 1.152447
159 1.154215
160 1.154453
161 1.155520
162 1.156327
163 1.156161
164 1.157324
165 1.159733
166 1.161133
167 1.162687
168 1.162616
169 1.164396
170 1.163731
171 1.164277
172 1.164573
173 1.164538
174 1.164728
175 1.163150
176 1.162260
177 1.162402
178 1.162604
179 1.163019
180 1.163292
181 1.162687
182 1.162331
183 1.162782
184 1.162568
185 1.164467
186 1.166068
187 1.166270
188 1.167753
189 1.169367
190 1.169842
191 1.169403
192 1.169284
193 1.168857
194 1.168964
195 1.168655
196 1.169094
197 1.169569
198 1.169533
199 1.170031
200 1.169106
201 1.166365
202 1.165653
203 1.165012
204 1.165262
205 1.164419
206 1.165357
207 1.166318
208 1.166496
209 1.166614
210 1.166163
211 1.165629
212 1.165535
213 1.166270
214 1.167279
215 1.166958
216 1.166863
217 1.168358
218 1.169331
219 1.170589
220 1.169118
221 1.168228
222 1.170553
223 1.170091
224 1.171503
225 1.170542
226 1.171159
227 1.170898
228 1.172796
229 1.172725
230 1.172808
231 1.172404
232 1.173259
233 1.173437
234 1.173935
235 1.174635
236 1.175288
237 1.175062
238 1.175050
239 1.175489
240 1.175584
241 1.175240
242 1.174065
243 1.174267
244 1.173745
245 1.172867
246 1.172547
247 1.172689
248 1.172582
249 1.173804
250 1.175121
251 1.174884
252 1.175276
253 1.176450
254 1.175952
255 1.177672
256 1.179773
257 1.180935
258 1.180366
259 1.182062
260 1.183261
261 1.184613
262 1.184447
263 1.185029
264 1.186500
265 1.187141
266 1.186737
267 1.186832
268 1.187354
269 1.187912
270 1.186666
271 1.186583
272 1.188197
273 1.187746
274 1.186441
275 1.186358
276 1.186393
277 1.186595
278 1.186654
279 1.186108
280 1.184922
281 1.183902
282 1.183474
283 1.182774
284 1.182976
285 1.184103
286 1.184210
287 1.185076
288 1.184566
289 1.184613
290 1.186097
291 1.188031
292 1.187390
293 1.189644
294 1.189632
295 1.190214
296 1.190582
297 1.190688
298 1.190866
299 1.191365
300 1.192777
301 1.192433
302 1.193358
303 1.192361
304 1.191851
305 1.193477
306 1.193963
307 1.194817
308 1.195078
309 1.194022
310 1.195114
311 1.195375
312 1.195992
313 1.195458
314 1.195197
315 1.194426
316 1.193738
317 1.192717
318 1.192421
319 1.192077
320 1.193026
321 1.193322
322 1.191827
323 1.191044
324 1.191721
325 1.192587
326 1.192634
327 1.193002
328 1.193287
329 1.193216
330 1.192800
331 1.192777
332 1.192124
333 1.193156
334 1.193465
335 1.192622
336 1.191863
337 1.192468
338 1.192136
339 1.191353
340 1.190237
341 1.191329
342 1.191626
343 1.191448
344 1.192860
345 1.194082
346 1.193109
347 1.194295
348 1.193690
349 1.192456
350 1.193477
351 1.194663
352 1.194450
353 1.194011
354 1.194438
355 1.193797
356 1.194853
357 1.195470
358 1.194960
359 1.194272
360 1.194082
361 1.193690
362 1.193299
363 1.193880
364 1.193690
365 1.194046
366 1.195126
367 1.194117
368 1.196099
369 1.195126
370 1.194639
371 1.193761
372 1.193880
373 1.193999
374 1.193797
375 1.195304
376 1.195126
377 1.194153
378 1.194319
379 1.194628
380 1.194912
381 1.194378
382 1.196028
383 1.196526
384 1.196823
385 1.198282
386 1.198448
387 1.196751
388 1.195921
389 1.195660
390 1.195933
391 1.194283
392 1.195921
393 1.196407
394 1.194948
395 1.193999
396 1.195861
397 1.196146
398 1.196348
399 1.196229
400 1.197653
401 1.196704
402 1.194450
403 1.196384
404 1.195945
405 1.196929
406 1.197404
407 1.197309
408 1.197618
409 1.195719
410 1.194568
411 1.193275
412 1.194046
413 1.193560
414 1.194260
415 1.193477
416 1.194141
417 1.192409
418 1.192409
419 1.192409
420 1.193524
421 1.193002
422 1.192777
423 1.191910
424 1.193311
425 1.193417
426 1.194378
427 1.194829
428 1.194082
429 1.193927
430 1.192872
431 1.192432
432 1.191258
433 1.192077
434 1.191993
435 1.191602
436 1.190582
437 1.192053
438 1.192361
439 1.192397
440 1.192599
441 1.193133
442 1.193239
443 1.193975
444 1.194414
445 1.193738
446 1.195031
447 1.196834
448 1.197606
449 1.197131
450 1.195600
451 1.195067
452 1.194153
453 1.193927
454 1.193666
455 1.195114
456 1.196645
457 1.196300
458 1.196478
459 1.196028
460 1.196668
461 1.198590
462 1.198353
463 1.198057
464 1.198128
465 1.199492
466 1.198792
467 1.197594
468 1.198187
469 1.197665
470 1.196799
471 1.197677
472 1.198151
473 1.198697
474 1.198045
475 1.198151
476 1.198507
477 1.198045
478 1.196941
479 1.196419
480 1.197843
481 1.197701
482 1.196668
483 1.196467
484 1.196004
485 1.197594
486 1.198009
487 1.197179
488 1.197867
489 1.197321
490 1.196941
491 1.197475
492 1.196929
493 1.197119
494 1.196324
495 1.197511
496 1.198780
497 1.197273
498 1.197167
499 1.197523
500 1.196929
501 1.195921
502 1.195150
503 1.194070
504 1.192990
505 1.192575
506 1.193251
507 1.193666
508 1.191661
509 1.191210
510 1.190451
511 1.190095
512 1.191436
513 1.191863
514 1.193085
515 1.193216
516 1.193394
517 1.194283
518 1.194817
519 1.193750
520 1.193975
521 1.195838
522 1.197214
523 1.196502
524 1.196360
525 1.196051
526 1.195755
527 1.196170
528 1.194983
529 1.194331
530 1.195956
531 1.195707
532 1.196075
533 1.196443
534 1.194770
535 1.194426
536 1.194461
537 1.195921
538 1.195399
539 1.194853
540 1.194675
541 1.195185
542 1.195921
543 1.196039
544 1.195778
545 1.197511
546 1.196787
547 1.197795
548 1.196870
549 1.197772
550 1.198116
551 1.199338
552 1.200180
553 1.201130
554 1.199255
555 1.198401
556 1.197724
557 1.196123
558 1.195007
559 1.194628
560 1.194877
561 1.195090
562 1.193583
563 1.194094
564 1.194082
565 1.192492
566 1.192931
567 1.193916
568 1.193358
569 1.193880
570 1.193417
571 1.194805
572 1.193773
573 1.193477
574 1.192634
575 1.191685
576 1.190475
577 1.191400
578 1.191970
579 1.192255
580 1.191602
581 1.190202
582 1.191388
583 1.190249
584 1.190285
585 1.189383
586 1.189798
587 1.189715
588 1.190890
589 1.191104
590 1.190748
591 1.189146
592 1.189407
593 1.189573
594 1.189110
595 1.187698
596 1.187058
597 1.187378
598 1.186476
599 1.187402
600 1.188161
601 1.187841
602 1.187746
603 1.186951
604 1.187058
605 1.187224
606 1.186464
607 1.186369
608 1.187236
609 1.189419
610 1.190439
611 1.190736
612 1.191258
613 1.191732
614 1.191839
615 1.191970
616 1.192848
617 1.192231
618 1.193049
619 1.192682
620 1.192065
621 1.192349
622 1.193726
623 1.193892
624 1.194283
625 1.194366
626 1.194651
627 1.194960
628 1.193346
629 1.193666
630 1.195577
631 1.195280
632 1.195778
633 1.195233
634 1.197131
635 1.198365
636 1.198223
637 1.198401
638 1.198745
639 1.197938
640 1.198484
641 1.199279
642 1.200655
643 1.200287
644 1.201379
645 1.201533
646 1.202102
647 1.202399
648 1.202577
649 1.202387
650 1.202328
651 1.203206
652 1.203858
653 1.204250
654 1.204428
655 1.204511
656 1.205745
657 1.204262
658 1.204701
659 1.204618
660 1.203491
661 1.202672
662 1.203372
663 1.203419
664 1.202565
665 1.202791
666 1.202292
667 1.201023
668 1.200596
669 1.198935
670 1.197665
671 1.197819
672 1.199089
673 1.198436
674 1.197890
675 1.199065
676 1.198685
677 1.198092
678 1.197926
679 1.198353
680 1.198436
681 1.198353
682 1.197463
683 1.197665
684 1.199836
685 1.198994
686 1.198306
687 1.197629
688 1.196870
689 1.197072
690 1.197095
691 1.196490
692 1.195446
693 1.196182
694 1.196906
695 1.196787
696 1.196811
697 1.194390
698 1.195019
699 1.195055
700 1.193643
701 1.194082
702 1.193595
703 1.193429
704 1.194200
705 1.194177
706 1.193963
707 1.193026
708 1.192907
709 1.193643
710 1.194058
711 1.195031
712 1.193821
713 1.192872
714 1.191922
715 1.192978
716 1.192824
717 1.194355
718 1.195090
719 1.195399
720 1.194722
721 1.195422
722 1.193488
723 1.195185
724 1.195589
725 1.194663
726 1.194022
727 1.194568
728 1.194651
729 1.195150
730 1.195102
731 1.194414
732 1.195138
733 1.196051
734 1.194841
735 1.195411
736 1.194651
737 1.194509
738 1.195019
739 1.194805
740 1.195589
741 1.196217
742 1.196182
743 1.195790
744 1.196906
745 1.197119
746 1.197202
747 1.196917
748 1.197273
749 1.196573
750 1.195233
751 1.195197
752 1.195482
753 1.195399
754 1.196123
755 1.195233
756 1.196538
757 1.196834
758 1.196858
759 1.197487
760 1.196016
761 1.195719
762 1.195731
763 1.195399
764 1.194236
765 1.194260
766 1.192658
767 1.191768
768 1.193572
769 1.194129
770 1.193844
771 1.194853
772 1.194426
773 1.195399
774 1.196004
775 1.196384
776 1.194616
777 1.196478
778 1.196656
779 1.194889
780 1.193548
781 1.194153
782 1.195055
783 1.194378
784 1.192480
785 1.192599
786 1.191436
787 1.192171
788 1.190712
789 1.192088
790 1.191638
791 1.192717
792 1.192112
793 1.191792
794 1.192694
795 1.193180
796 1.194272
797 1.193833
798 1.193453
799 1.192895
800 1.193512
801 1.192432
802 1.193512
803 1.193500
804 1.192836
805 1.193204
806 1.192385
807 1.193358
808 1.193216
809 1.193227
810 1.194794
811 1.194734
812 1.196194
813 1.196170
814 1.195102
815 1.195268
816 1.196585
817 1.198033
818 1.198377
819 1.198685
820 1.199385
821 1.200916
822 1.200987
823 1.201818
824 1.201118
825 1.201545
826 1.200204
827 1.198970
828 1.199670
829 1.200074
830 1.200430
831 1.200275
832 1.200536
833 1.201106
834 1.200655
835 1.200180
836 1.199813
837 1.199872
838 1.199029
839 1.197772
840 1.197523
841 1.196787
842 1.195921
843 1.195019
844 1.194533
845 1.194295
846 1.194355
847 1.194011
848 1.193311
849 1.192480
850 1.190499
851 1.190166
852 1.191127
853 1.192290
854 1.193809
855 1.192978
856 1.193097
857 1.193477
858 1.193133
859 1.193334
860 1.193334
861 1.193358
862 1.191341
863 1.191080
864 1.190724
865 1.190344
866 1.189288
867 1.188837
868 1.191127
869 1.191732
870 1.192610
871 1.192848
872 1.192705
873 1.193322
874 1.190605
875 1.192171
876 1.194272
877 1.193014
878 1.193631
879 1.193026
880 1.193227
881 1.193927
882 1.194889
883 1.196502
884 1.196431
885 1.195980
886 1.196633
887 1.197297
888 1.197487
889 1.197962
890 1.198757
891 1.197973
892 1.196229
893 1.196004
894 1.195233
895 1.194105
896 1.194663
897 1.194105
898 1.194948
899 1.194889
900 1.194983
901 1.194580
902 1.192539
903 1.191590
904 1.191638
905 1.191282
906 1.190344
907 1.190000
908 1.191234
909 1.192124
910 1.192231
911 1.192065
912 1.193061
913 1.192516
914 1.192492
915 1.193429
916 1.194841
917 1.193690
918 1.193738
919 1.193382
920 1.195043
921 1.194189
922 1.194011
923 1.195351
924 1.194995
925 1.192919
926 1.192017
927 1.193133
928 1.192468
929 1.193441
930 1.194900
931 1.195031
932 1.196182
933 1.194948
934 1.196217
935 1.197250
936 1.198211
937 1.199896
938 1.199302
939 1.199255
940 1.201509
941 1.200441
942 1.200240
943 1.199801
944 1.200192
945 1.199884
946 1.199172
947 1.198484
948 1.197760
949 1.198816
950 1.198650
951 1.199575
952 1.199314
953 1.198531
954 1.1