1 1.138328
2 1.117725
3 1.106927
4 1.098788
5 1.094778
6 1.090008
7 1.085630
8 1.081026
9 1.076268
10 1.072092
11 1.067530
12 1.063045
13 1.060031
14 1.056685
15 1.053203
16 1.049376
17 1.047264
18 1.043562
19 1.040715
20 1.037588
21 1.034272
22 1.030831
23 1.028951
24 1.027117
25 1.025557
26 1.024365
27 1.022176
28 1.019648
29 1.018100
30 1.017471
31 1.015258
32 1.015039
33 1.013686
34 1.012209
35 1.011551
36 1.010607
37 1.009095
38 1.008667
39 1.009356
40 1.008839
41 1.008946
42 1.008988
43 1.009095
44 1.009462
45 1.009261
46 1.009296
47 1.009670
48 1.010809
49 1.012957
50 1.013995
51 1.015033
52 1.014926
53 1.015436
54 1.016445
55 1.017317
56 1.018029
57 1.019381
58 1.021446
59 1.022692
60 1.023214
61 1.024294
