1 1.138556
2 1.118174
3 1.106874
4 1.099423
5 1.094570
6 1.090201
7 1.086181
8 1.081962
9 1.077831
10 1.073590
11 1.069162
12 1.065176
13 1.061251
14 1.057003
15 1.053019
16 1.049663
17 1.046923
18 1.042824
19 1.040893
20 1.038847
21 1.036230
22 1.033873
23 1.031965
24 1.030423
25 1.028736
26 1.027931
27 1.025895
28 1.025032
29 1.023726
30 1.022037
31 1.021273
32 1.020784
33 1.020554
34 1.019514
35 1.018867
36 1.019540
37 1.018731
38 1.018938
39 1.018952
40 1.018615
41 1.018513
42 1.018655
43 1.018760
44 1.019605
45 1.020233
46 1.020556
47 1.020357
48 1.021242
49 1.021482
50 1.021204
51 1.022006
52 1.022739
53 1.023589
54 1.024258
55 1.024958
56 1.025706
57 1.026496
58 1.027803
59 1.028857
60 1.030126
61 1.031515
62 1.032013
63 1.032813
64 1.034208
65 1.035731
66 1.037312
67 1.038921
68 1.040050
69 1.041697
70 1.043138
71 1.044661
72 1.046173
73 1.047701
74 1.049293
75 1.051037
76 1.052722
77 1.054250
78 1.055596
79 1.057715
80 1.059419
81 1.061740
82 1.063337
83 1.064775
84 1.066163
85 1.068275
86 1.070161
87 1.071502
88 1.073040
89 1.074682
90 1.076001
91 1.077527
92 1.079634
93 1.081238
94 1.082750
95 1.084008
96 1.085422
97 1.086245
98 1.086908
99 1.088422
100 1.089862
101 1.091295
102 1.092066
103 1.093716
104 1.095562
105 1.097475
106 1.098991
107 1.100911
108 1.102254
109 1.103421
110 1.104971
111 1.105208
112 1.106179
113 1.108139
114 1.109672
115 1.110564
116 1.112019
117 1.113146
118 1.114264
119 1.115312
120 1.116288
121 1.116812
122 1.118103
123 1.119097
124 1.120253
125 1.121568
126 1.122849
127 1.124323
128 1.125137
129 1.126964
130 1.127977
131 1.128487
132 1.128606
133 1.129501
134 1.129930
135 1.131107
136 1.132042
137 1.132699
138 1.134180
139 1.134792
140 1.136256
141 1.137429
142 1.137882
143 1.138691
144 1.139932
145 1.140224
146 1.140784
147 1.141551
148 1.142471
149 1.143570
150 1.144863
151 1.145136
152 1.145592
153 1.145957
154 1.147028
155 1.146869
156 1.147106
157 1.147512
158 1.147891
159 1.148556
160 1.149151
161 1.149360
162 1.150373
163 1.151878
164 1.152213
165 1.152462
166 1.153157
167 1.153677
168 1.153677
169 1.154201
170 1.155407
171 1.155340
172 1.156344
173 1.157205
174 1.158060
175 1.158451
176 1.158857
177 1.160302
178 1.160198
179 1.161135
180 1.161322
181 1.161413
182 1.161982
183 1.162516
184 1.162568
185 1.163154
186 1.164101
187 1.165202
188 1.165300
189 1.166315
190 1.166330
191 1.166930
192 1.167267
193 1.167803
194 1.167922
195 1.168233
196 1.168081
197 1.168617
198 1.168439
199 1.169210
200 1.169386
201 1.169182
202 1.168684
203 1.169130
204 1.169635
205 1.170326
206 1.170603
207 1.170743
208 1.170812
209 1.171332
210 1.171576
211 1.171270
212 1.171064
213 1.170898
214 1.171723
215 1.171109
216 1.171564
217 1.171192
218 1.171135
219 1.171465
220 1.171522
221 1.171972
222 1.172753
223 1.172718
224 1.172630
225 1.172775
226 1.172542
227 1.172530
228 1.173057
229 1.173415
230 1.173301
231 1.173719
232 1.174488
233 1.174583
234 1.174431
235 1.174497
236 1.174251
237 1.174234
238 1.173769
239 1.173906
240 1.173681
241 1.174616
242 1.175276
243 1.175886
244 1.176541
245 1.176073
246 1.176037
247 1.176446
248 1.176659
249 1.176896
250 1.176783
251 1.176975
252 1.176657
253 1.177298
254 1.177226
255 1.177321
256 1.176949
257 1.177644
258 1.177236
259 1.178104
260 1.178880
261 1.178849
262 1.179020
263 1.179177
264 1.178762
265 1.179388
266 1.179528
267 1.179488
268 1.179362
269 1.179049
270 1.178365
271 1.177808
272 1.178140
273 1.177891
274 1.178567
275 1.178712
276 1.178771
277 1.178966
278 1.179754
279 1.180112
280 1.180064
281 1.179768
282 1.179564
283 1.180145
284 1.179886
285 1.180159
286 1.180382
287 1.180677
288 1.180691
289 1.180933
290 1.180862
291 1.179996
292 1.179324
293 1.179291
294 1.179811
295 1.180072
296 1.180247
297 1.180541
298 1.180613
299 1.180964
300 1.181320
301 1.181581
302 1.181391
303 1.181355
304 1.181355
305 1.181628
306 1.182044
307 1.182350
308 1.182184
309 1.182430
310 1.183040
311 1.183275
312 1.183593
313 1.183968
314 1.183847
315 1.184654
316 1.184096
317 1.184694
318 1.184481
319 1.184381
320 1.184680
321 1.184734
322 1.184523
323 1.185083
324 1.185594
325 1.186094
326 1.186906
327 1.186547
328 1.185655
329 1.186203
330 1.185907
331 1.185347
332 1.185472
333 1.186275
334 1.185836
335 1.185945
336 1.186417
337 1.186683
338 1.187020
339 1.188332
340 1.188332
341 1.188688
342 1.188384
343 1.187943
344 1.188306
345 1.187995
346 1.188161
347 1.187872
348 1.186941
349 1.187053
350 1.187345
351 1.188171
352 1.188676
353 1.189229
354 1.189571
355 1.189540
356 1.189134
357 1.188546
358 1.188911
359 1.188655
360 1.188410
361 1.188686
362 1.188534
363 1.188994
364 1.187926
365 1.187611
366 1.187943
367 1.188104
368 1.188294
369 1.188515
370 1.188266
371 1.187817
372 1.188493
373 1.188455
374 1.188807
375 1.188854
376 1.189181
377 1.188508
378 1.188949
379 1.188384
380 1.188705
381 1.189219
382 1.189675
383 1.189832
384 1.189742
385 1.189863
386 1.189919
387 1.190154
388 1.190022
389 1.189813
390 1.189893
391 1.189649
392 1.189931
393 1.190124
394 1.189438
395 1.189438
396 1.189034
397 1.188963
398 1.188284
399 1.188225
400 1.187921
401 1.188809
402 1.188595
403 1.188311
404 1.188657
405 1.188702
406 1.189117
407 1.188994
408 1.189139
409 1.189262
410 1.189072
411 1.189125
412 1.189412
413 1.188821
414 1.189132
415 1.189658
416 1.189950
417 1.190726
418 1.191201
419 1.190643
420 1.190332
421 1.190392
422 1.190919
423 1.190418
424 1.190178
425 1.189495
426 1.189680
427 1.190162
428 1.190273
429 1.190076
430 1.190124
431 1.190330
432 1.190012
433 1.190133
434 1.190195
435 1.190387
436 1.190185
437 1.190299
438 1.190489
439 1.191277
440 1.191433
441 1.190826
442 1.190078
443 1.189367
444 1.189668
445 1.189628
446 1.189103
447 1.188726
448 1.189006
449 1.189203
450 1.190036
451 1.190090
452 1.189730
453 1.190033
454 1.190150
455 1.190335
456 1.189917
457 1.190332
458 1.190712
459 1.191372
460 1.191334
461 1.190900
462 1.191327
463 1.191305
464 1.190565
465 1.190710
466 1.191640
467 1.191377
468 1.191210
469 1.190954
470 1.191170
471 1.190845
472 1.190330
473 1.190862
474 1.190560
475 1.190719
476 1.191139
477 1.190866
478 1.190907
479 1.191244
480 1.191372
481 1.191187
482 1.191486
483 1.191085
484 1.191502
485 1.192029
486 1.193047
487 1.192912
488 1.192843
489 1.192587
490 1.192141
491 1.193095
492 1.193078
493 1.192936
494 1.193650
495 1.193849
496 1.193624
497 1.193451
498 1.193220
499 1.193453
500 1.192558
501 1.192473
502 1.191991
503 1.191775
504 1.191182
505 1.190572
506 1.190857
507 1.190949
508 1.191412
509 1.191414
510 1.191956
511 1.192205
512 1.191899
513 1.192190
514 1.192931
515 1.193799
516 1.194575
517 1.194822
518 1.194260
519 1.193761
520 1.194077
521 1.193645
522 1.193700
523 1.193583
524 1.193171
525 1.192599
526 1.192501
527 1.192326
528 1.192236
529 1.191896
530 1.192907
531 1.193422
532 1.193012
533 1.193460
534 1.193268
535 1.193811
536 1.193389
537 1.193434
538 1.194340
539 1.194488
540 1.194167
541 1.194535
542 1.194350
543 1.195038
544 1.194846
545 1.194179
546 1.193963
547 1.194383
548 1.194998
549 1.194934
550 1.195266
551 1.195425
552 1.194886
553 1.194414
554 1.194568
555 1.194561
556 1.194419
557 1.193946
558 1.193574
559 1.193624
560 1.193035
561 1.192924
562 1.192734
563 1.192976
564 1.192701
565 1.191756
566 1.191778
567 1.191664
568 1.191474
569 1.191210
570 1.191289
571 1.190380
572 1.190480
573 1.190173
574 1.189431
575 1.189274
576 1.189791
577 1.190140
578 1.190290
579 1.191419
580 1.190639
581 1.191168
582 1.190985
583 1.191146
584 1.191104
585 1.190942
586 1.190805
587 1.190468
588 1.190444
589 1.190105
590 1.190878
591 1.190639
592 1.190406
593 1.190968
594 1.191711
595 1.192530
596 1.192252
597 1.192917
598 1.192947
599 1.192909
600 1.192632
601 1.192862
602 1.193009
603 1.193194
604 1.192589
605 1.192520
606 1.192779
607 1.192838
608 1.192928
609 1.193208
610 1.192990
611 1.192872
612 1.193455
613 1.193097
614 1.193256
615 1.192646
616 1.193189
617 1.192395
618 1.191849
619 1.191948
620 1.192359
621 1.192625
622 1.192694
623 1.192988
624 1.192383
625 1.192743
626 1.192748
627 1.192957
628 1.192784
629 1.192689
630 1.192855
631 1.192855
632 1.193019
633 1.193325
634 1.192644
635 1.192774
636 1.192921
637 1.193085
638 1.192822
639 1.192665
640 1.192879
641 1.192499
642 1.192103
643 1.192397
644 1.191842
645 1.191751
646 1.191341
647 1.190961
648 1.191023
649 1.192008
650 1.191996
651 1.192017
652 1.192247
653 1.192236
654 1.192081
655 1.192468
656 1.192876
657 1.192195
658 1.192145
659 1.192217
660 1.191835
661 1.191381
662 1.191284
663 1.191431
664 1.191448
665 1.191282
666 1.191870
667 1.191664
668 1.191495
669 1.191106
670 1.191766
671 1.192126
672 1.191566
673 1.191963
674 1.191414
675 1.191566
676 1.191566
677 1.191151
678 1.190992
679 1.190522
680 1.190377
681 1.190760
682 1.190854
683 1.190539
684 1.190757
685 1.191153
686 1.191153
687 1.191244
688 1.191237
689 1.191654
690 1.191872
691 1.192179
692 1.192276
693 1.192615
694 1.192606
695 1.192995
696 1.193182
697 1.194058
698 1.193662
699 1.194205
700 1.194504
701 1.193738
702 1.193251
703 1.193980
704 1.193273
705 1.194013
706 1.193434
707 1.193588
708 1.192912
709 1.193206
710 1.193987
711 1.194395
712 1.193467
713 1.193268
714 1.192774
715 1.192717
716 1.193201
717 1.193263
718 1.193332
719 1.193875
720 1.193787
721 1.194464
722 1.194466
723 1.193816
724 1.193664
725 1.194020
726 1.194326
727 1.194680
728 1.194113
729 1.194305
730 1.193944
731 1.193472
732 1.193360
733 1.192857
734 1.192584
735 1.193054
736 1.193586
737 1.193246
738 1.193856
739 1.194184
740 1.194027
741 1.193795
742 1.193892
743 1.193740
744 1.193645
745 1.193640
746 1.193242
747 1.193315
748 1.193650
749 1.193946
750 1.193804
751 1.193507
752 1.193014
753 1.193052
754 1.193235
755 1.193583
756 1.193935
757 1.193296
758 1.192957
759 1.192921
760 1.193061
761 1.193647
762 1.193462
763 1.193576
764 1.193935
765 1.193757
766 1.194291
767 1.194810
768 1.194609
769 1.194618
770 1.194250
771 1.194630
772 1.194428
773 1.194032
774 1.194082
775 1.193092
776 1.192781
777 1.193218
778 1.192988
779 1.193477
780 1.193586
781 1.194103
782 1.193163
783 1.193270
784 1.192594
785 1.192228
786 1.192421
787 1.193021
788 1.192513
789 1.192485
790 1.192086
791 1.191823
792 1.192036
793 1.191737
794 1.191153
795 1.191016
796 1.190596
797 1.191469
798 1.192145
799 1.192107
800 1.191794
801 1.192155
802 1.192243
803 1.192046
804 1.192067
805 1.192008
806 1.191343
807 1.191089
808 1.190676
809 1.190517
810 1.190375
811 1.190228
812 1.190477
813 1.190748
814 1.190503
815 1.190069
816 1.190688
817 1.191255
818 1.191471
819 1.191768
820 1.192005
821 1.192321
822 1.191759
823 1.191728
824 1.191858
825 1.192012
826 1.191659
827 1.191581
828 1.191723
829 1.192402
830 1.192786
831 1.192653
832 1.192302
833 1.192245
834 1.192494
835 1.192316
836 1.192537
837 1.192518
838 1.192952
839 1.192838
840 1.193254
841 1.193795
842 1.193825
843 1.193569
844 1.193607
845 1.193811
846 1.193479
847 1.193821
848 1.193481
849 1.193441
850 1.192931
851 1.193351
852 1.192696
853 1.192582
854 1.193135
855 1.193714
856 1.193890
857 1.193655
858 1.194060
859 1.194260
860 1.194034
861 1.194808
862 1.194469
863 1.194079
864 1.193766
865 1.194046
866 1.193137
867 1.192758
868 1.193239
869 1.193147
870 1.193394
871 1.192909
872 1.193348
873 1.192767
874 1.192330
875 1.192568
876 1.192511
877 1.192950
878 1.192926
879 1.193211
880 1.193595
881 1.194122
882 1.194407
883 1.194321
884 1.193968
885 1.194165
886 1.194293
887 1.193949
888 1.194336
889 1.194639
890 1.193980
891 1.195280
892 1.195297
893 1.194585
894 1.194086
895 1.193121
896 1.192829
897 1.193047
898 1.193168
899 1.193099
900 1.193799
901 1.193526
902 1.192834
903 1.192425
904 1.192224
905 1.192902
906 1.193123
907 1.193674
908 1.193548
909 1.193332
910 1.193230
911 1.193379
912 1.193434
913 1.193401
914 1.193538
915 1.192762
916 1.192862
917 1.193030
918 1.192812
919 1.192907
920 1.192321
921 1.191991
922 1.192290
923 1.192824
924 1.193009
925 1.192978
926 1.192734
927 1.192596
928 1.192703
929 1.192746
930 1.192451
931 1.192067
932 1.191979
933 1.191846
934 1.191844
935 1.192115
936 1.191545
937 1.191645
938 1.191146
939 1.190859
940 1.191652
941 1.191481
942 1.191640
943 1.191692
944 1.192383
945 1.192834
946 1.192202
947 1.192069
948 1.191939
949 1.192468
950 1.191975
951 1.191884
952 1.191725
953 1.191448
954 1.191137
955 1.191407
956 1.191801
957 1.191851
958 1.191248
959 1.191687
960 1.192122
961 1.192907
962 1.192641
963 1.192705
964 1.191770
965 1.191880
966 1.192008
967 1.192198
968 1.192169
969 1.192430
970 1.192411
971 1.192423
972 1.192625
973 1.192741
974 1.192686
975 1.192741
976 1.192765
977 1.193273
978 1.193277
979 1.193557
980 1.192938
981 1.192907
982 1.193605
983 1.193491
984 1.192981
985 1.193059
986 1.192826
987 1.192928
988 1.192746
989 1.192727
990 1.192489
991 1.191977
992 1.192001
993 1.192781
994 1.192580
995 1.192644
996 1.192622
997 1.192710
998 1.192428
999 1.191657
1000 1.192086
