1 1.164016
2 1.150727
3 1.142469
4 1.135558
5 1.131215
6 1.126255
7 1.120821
8 1.116354
9 1.110712
10 1.105818
11 1.099927
12 1.094434
13 1.090720
14 1.085820
15 1.081145
16 1.076950
17 1.074067
18 1.069244
19 1.065133
20 1.061532
21 1.058227
22 1.055356
23 1.052532
24 1.049412
25 1.046505
26 1.043788
27 1.042097
28 1.039356
29 1.037642
30 1.036337
31 1.034865
32 1.032641
33 1.030315
34 1.028672
35 1.027889
36 1.026382
37 1.025978
38 1.025539
39 1.024786
40 1.024822
41 1.024216
42 1.022555
43 1.022205
44 1.022253
45 1.021707
46 1.021209
47 1.021671
48 1.021903
49 1.022419
50 1.022888
51 1.024122
52 1.024377
53 1.025195
54 1.027023
55 1.027254
56 1.027586
57 1.029378
58 1.030368
59 1.031674
60 1.032943
61 1.034610
62 1.035797
63 1.037944
64 1.039154
65 1.040525
66 1.041444
67 1.042239
68 1.044423
69 1.046220
70 1.047531
71 1.048000
72 1.047436
73 1.049234
74 1.050088
75 1.051435
76 1.051814
77 1.052354
78 1.053778
79 1.054923
80 1.056282
81 1.057723
82 1.058773
83 1.060921
84 1.062066
85 1.064285
86 1.066355
87 1.067239
88 1.069511
89 1.070276
90 1.072032
91 1.073415
92 1.075111
93 1.077188
94 1.078279
95 1.079371
96 1.080599
97 1.081590
98 1.082557
99 1.084639
100 1.084722
101 1.086051
102 1.086976
103 1.088833
104 1.091272
105 1.091877
106 1.092565
107 1.093140
108 1.093650
109 1.095282
110 1.096373
111 1.096872
112 1.098954
113 1.100182
114 1.101167
115 1.102170
116 1.102561
117 1.102881
118 1.103653
119 1.104750
120 1.106162
121 1.106619
122 1.106951
123 1.109105
124 1.109870
125 1.111080
126 1.112367
127 1.113607
128 1.113560
129 1.114758
130 1.114254
131 1.114586
132 1.114996
133 1.115245
134 1.116740
135 1.118021
136 1.119706
137 1.120139
138 1.121533
139 1.122447
140 1.123491
141 1.124149
142 1.125769
143 1.126813
144 1.127483
145 1.127311
146 1.127845
147 1.128670
148 1.128302
149 1.129661
150 1.130794
151 1.131446
152 1.132841
153 1.134982
154 1.136258
155 1.137130
156 1.136293
157 1.137064
158 1.137794
159 1.139218
160 1.139408
161 1.139188
162 1.139509
163 1.140838
164 1.141099
165 1.140932
166 1.141377
167 1.142202
168 1.142600
169 1.141977
170 1.141864
171 1.142380
172 1.142617
173 1.144385
174 1.144978
175 1.145678
176 1.147067
177 1.147523
178 1.148336
179 1.147108
180 1.147701
181 1.147156
182 1.147826
183 1.148229
184 1.147915
185 1.148265
186 1.149191
187 1.148900
188 1.148811
189 1.148609
190 1.149790
191 1.149546
192 1.150680
193 1.151694
194 1.153450
195 1.153723
196 1.153325
197 1.153747
198 1.153521
199 1.154358
200 1.154571
201 1.154607
202 1.155657
203 1.156025
204 1.155799
205 1.156743
206 1.157081
207 1.158119
208 1.157567
209 1.157543
210 1.157395
211 1.157763
212 1.157911
213 1.158777
214 1.159086
215 1.159519
216 1.160575
217 1.159738
218 1.161091
219 1.161364
220 1.160243
221 1.160913
222 1.160901
223 1.161174
224 1.162687
225 1.163179
226 1.163529
227 1.162717
228 1.162800
229 1.162545
230 1.162639
231 1.162414
232 1.162064
233 1.162343
234 1.162693
235 1.161429
236 1.161619
237 1.162129
238 1.162076
239 1.162503
240 1.162728
241 1.162171
242 1.163209
243 1.163701
244 1.164152
245 1.163642
246 1.164111
247 1.165327
248 1.165036
249 1.165920
250 1.165576
251 1.166703
252 1.166377
253 1.166804
254 1.166045
255 1.165932
256 1.165588
257 1.166680
258 1.166982
259 1.166656
260 1.166395
261 1.166074
262 1.166988
263 1.167919
264 1.168406
265 1.169575
266 1.169693
267 1.169913
268 1.170613
269 1.170370
270 1.170494
271 1.169616
272 1.170482
273 1.170429
274 1.170494
275 1.171408
276 1.172096
277 1.171692
278 1.171307
279 1.171010
280 1.170002
281 1.170156
282 1.169503
283 1.169622
284 1.170055
285 1.171064
286 1.171847
287 1.171669
288 1.171603
289 1.172054
290 1.171396
291 1.171455
292 1.171236
293 1.170957
294 1.169907
295 1.169960
296 1.168809
297 1.168791
298 1.168086
299 1.169130
300 1.168975
301 1.167872
302 1.167753
303 1.168934
304 1.169183
305 1.169681
306 1.170328
307 1.169598
308 1.169936
309 1.170749
310 1.171882
311 1.171621
312 1.172683
313 1.173579
314 1.173650
315 1.173496
316 1.173472
317 1.172944
318 1.173526
319 1.174908
320 1.174350
321 1.174226
322 1.174837
323 1.174777
324 1.174297
325 1.174433
326 1.174617
327 1.174421
328 1.175460
329 1.175507
330 1.175822
331 1.175495
332 1.174700
333 1.173626
334 1.175027
335 1.176255
336 1.176533
337 1.175205
338 1.175685
339 1.176065
340 1.176510
341 1.175436
342 1.176883
343 1.176290
344 1.175638
345 1.175436
346 1.175282
347 1.175175
348 1.175074
349 1.175098
350 1.174303
351 1.176112
352 1.176907
353 1.177678
354 1.176818
355 1.177625
356 1.177922
357 1.177755
358 1.178289
359 1.178800
360 1.178402
361 1.178218
362 1.177578
363 1.178212
364 1.177334
365 1.176593
366 1.176100
367 1.176326
368 1.176516
369 1.177530
370 1.178361
371 1.178966
372 1.178616
373 1.178248
374 1.177850
375 1.177755
376 1.177696
377 1.177524
378 1.177411
379 1.177222
380 1.177928
381 1.177649
382 1.177192
383 1.177305
384 1.177150
385 1.176830
386 1.177281
387 1.178135
388 1.177963
389 1.177844
390 1.176895
391 1.177186
392 1.177797
393 1.177945
394 1.178900
395 1.179067
396 1.179553
397 1.179998
398 1.178687
399 1.177922
400 1.176907
401 1.176688
402 1.177993
403 1.177844
404 1.178432
405 1.179161
406 1.179001
407 1.177821
408 1.177880
409 1.177910
410 1.178100
411 1.178141
412 1.177922
413 1.178094
414 1.178586
415 1.178657
416 1.177993
417 1.177631
418 1.177388
419 1.177981
420 1.177494
421 1.178171
422 1.178432
423 1.177785
424 1.178028
425 1.177690
426 1.178456
427 1.177305
428 1.178918
429 1.178794
430 1.179280
431 1.179411
432 1.179239
433 1.179577
434 1.178859
435 1.178895
436 1.179636
437 1.179512
438 1.182009
439 1.180995
440 1.181635
441 1.181742
442 1.181303
443 1.181024
444 1.182045
445 1.183172
446 1.182757
447 1.180443
448 1.180811
449 1.180360
450 1.180906
451 1.180959
452 1.181600
453 1.181855
454 1.180823
455 1.181048
456 1.181511
457 1.181677
458 1.181813
459 1.181701
460 1.181434
461 1.180645
462 1.181048
463 1.181398
464 1.181540
465 1.181007
466 1.182590
467 1.182662
468 1.182116
469 1.182757
470 1.183178
471 1.183468
472 1.183029
473 1.182537
474 1.182733
475 1.183261
476 1.182430
477 1.182763
478 1.183587
479 1.183403
480 1.182401
481 1.182869
482 1.182727
483 1.182098
484 1.181796
485 1.181434
486 1.181113
487 1.180597
488 1.180152
489 1.180959
490 1.181167
491 1.181327
492 1.182674
493 1.183136
494 1.181855
495 1.180858
496 1.181161
497 1.180710
498 1.179986
499 1.181665
500 1.180722
501 1.179998
502 1.181054
503 1.180366
504 1.181113
505 1.181214
506 1.181149
507 1.181505
508 1.181078
509 1.181695
510 1.181647
511 1.180989
512 1.179084
513 1.178527
514 1.179144
515 1.178859
516 1.178111
517 1.176160
518 1.174742
519 1.174611
520 1.174273
521 1.174297
522 1.174113
523 1.175495
524 1.175679
525 1.176059
526 1.176723
527 1.177358
528 1.177554
529 1.177755
530 1.178396
531 1.179903
532 1.179838
533 1.179998
534 1.180520
535 1.180781
536 1.179399
537 1.179559
538 1.178503
539 1.178402
540 1.177738
541 1.178194
542 1.178740
543 1.179280
544 1.178272
545 1.178788
546 1.178456
547 1.177376
548 1.178147
549 1.177477
550 1.177726
551 1.178699
552 1.178883
553 1.177957
554 1.177548
555 1.178200
556 1.177465
557 1.176901
558 1.177856
559 1.179482
560 1.179167
561 1.180087
562 1.180099
563 1.179630
564 1.179808
565 1.180028
566 1.180301
567 1.179814
568 1.179974
569 1.179701
570 1.180407
571 1.181665
572 1.180556
573 1.181291
574 1.181534
575 1.181268
576 1.180247
577 1.180004
578 1.179571
579 1.180253
580 1.180668
581 1.180734
582 1.181796
583 1.181956
584 1.181843
585 1.181801
586 1.180342
587 1.180342
588 1.180680
589 1.180811
590 1.180894
591 1.180372
592 1.179921
593 1.179298
594 1.178390
595 1.178568
596 1.179078
597 1.180051
598 1.180188
599 1.180692
600 1.180099
601 1.179553
602 1.180051
603 1.179078
604 1.180170
605 1.180757
606 1.179915
607 1.179921
608 1.179428
609 1.180745
610 1.180591
611 1.182211
612 1.183652
613 1.183860
614 1.184465
615 1.185230
616 1.185895
617 1.186192
618 1.185141
619 1.184489
620 1.183486
621 1.183807
622 1.184898
623 1.184317
624 1.183996
625 1.183190
626 1.183741
627 1.182650
628 1.182329
629 1.181760
630 1.181974
631 1.182371
632 1.182466
633 1.182929
634 1.182863
635 1.183101
636 1.183047
637 1.181807
638 1.181825
639 1.181665
640 1.180882
641 1.181119
642 1.181819
643 1.181416
644 1.181511
645 1.180645
646 1.180817
647 1.180384
648 1.180692
649 1.179304
650 1.179844
651 1.180526
652 1.181262
653 1.181250
654 1.181024
655 1.181291
656 1.180378
657 1.180935
658 1.181078
659 1.181232
660 1.182104
661 1.181849
662 1.181167
663 1.181386
664 1.181487
665 1.182175
666 1.181914
667 1.182685
668 1.183522
669 1.184311
670 1.184744
671 1.184791
672 1.186192
673 1.184821
674 1.185308
675 1.184269
676 1.184364
677 1.184008
678 1.183433
679 1.182822
680 1.182757
681 1.183107
682 1.182418
683 1.181606
684 1.181149
685 1.181303
686 1.181736
687 1.181991
688 1.182229
689 1.181119
690 1.182062
691 1.181351
692 1.180983
693 1.180633
694 1.182413
695 1.182080
696 1.181618
697 1.181523
698 1.182371
699 1.181333
700 1.181701
701 1.182496
702 1.181618
703 1.180918
704 1.180870
705 1.181481
706 1.181137
707 1.180757
708 1.181754
709 1.180959
710 1.181060
711 1.180775
712 1.180775
713 1.180775
714 1.180775
715 1.180775
