1 1.138872
2 1.117986
3 1.106743
4 1.099568
5 1.094176
6 1.089785
7 1.085436
8 1.081337
9 1.077189
10 1.073632
11 1.069639
12 1.065781
13 1.061677
14 1.058480
15 1.054993
16 1.051850
17 1.048765
18 1.045540
19 1.043147
20 1.040538
21 1.038004
22 1.035508
23 1.033939
24 1.032454
25 1.030689
26 1.028555
27 1.027287
28 1.026002
29 1.024931
30 1.024277
31 1.023560
32 1.022735
33 1.021870
34 1.020755
35 1.020365
36 1.019228
37 1.019056
38 1.019238
39 1.018404
40 1.018202
41 1.017871
42 1.018429
43 1.018452
44 1.018566
45 1.019020
46 1.019411
47 1.019969
48 1.020994
49 1.021978
50 1.023333
51 1.024317
52 1.024842
53 1.025498
54 1.026553
55 1.027383
56 1.028280
57 1.029419
58 1.030533
59 1.031421
60 1.032667
61 1.033955
62 1.035330
63 1.036119
64 1.037160
65 1.038565
66 1.039879
67 1.041440
68 1.043536
69 1.044716
70 1.045921
71 1.047818
72 1.049439
73 1.050946
74 1.052601
75 1.053888
76 1.056023
77 1.057603
78 1.059052
79 1.060729
80 1.062157
81 1.063488
82 1.064801
83 1.065852
84 1.067480
85 1.068891
86 1.070358
87 1.072005
88 1.073735
89 1.075645
90 1.077359
91 1.079422
92 1.080432
93 1.081789
94 1.082895
95 1.084266
96 1.085727
97 1.087532
98 1.088668
99 1.090252
100 1.091827
101 1.093127
102 1.093954
103 1.095255
104 1.096313
105 1.097686
106 1.099142
107 1.100149
108 1.101573
109 1.103356
110 1.104496
111 1.106181
112 1.107121
113 1.107811
114 1.109215
115 1.110271
116 1.111325
117 1.112377
118 1.113686
119 1.114771
120 1.116130
121 1.117141
122 1.117726
123 1.118476
124 1.119314
125 1.120607
126 1.121871
127 1.122959
128 1.124114
129 1.125459
130 1.126305
131 1.127454
132 1.128176
133 1.129191
134 1.129757
135 1.130678
136 1.131015
137 1.131764
138 1.132697
139 1.133147
140 1.133999
141 1.135023
142 1.135785
143 1.136248
144 1.137513
145 1.138302
146 1.139036
147 1.139849
148 1.140437
149 1.141192
150 1.141918
151 1.142721
152 1.142964
153 1.143603
154 1.143852
155 1.144863
156 1.145563
157 1.146248
158 1.146628
159 1.146829
160 1.147455
161 1.147968
162 1.148270
163 1.149023
164 1.149729
165 1.150198
166 1.150363
167 1.151049
168 1.152100
169 1.152665
170 1.153169
171 1.154008
172 1.154711
173 1.155165
174 1.155695
175 1.156231
176 1.156915
177 1.157258
178 1.157756
179 1.157668
180 1.157942
181 1.158262
182 1.158433
183 1.159146
184 1.159309
185 1.159874
186 1.159960
187 1.159997
188 1.160579
189 1.160708
190 1.161435
191 1.162012
192 1.162184
193 1.162930
194 1.163661
195 1.163718
196 1.164369
197 1.164882
198 1.165222
199 1.165595
200 1.166053
201 1.166717
202 1.166510
203 1.166575
204 1.166799
205 1.167253
206 1.167408
207 1.167019
208 1.167916
209 1.168026
210 1.168222
211 1.168909
212 1.169032
213 1.169475
214 1.169842
215 1.170081
216 1.170410
217 1.170615
218 1.170453
219 1.170870
220 1.171132
221 1.171229
222 1.171717
223 1.172012
224 1.172301
225 1.172464
226 1.173084
227 1.173327
228 1.173777
229 1.174393
230 1.174535
231 1.174309
232 1.175190
233 1.175832
234 1.175762
235 1.175944
236 1.176217
237 1.176546
238 1.176209
239 1.176158
240 1.176455
241 1.176863
242 1.177073
243 1.177175
244 1.177159
245 1.176942
246 1.177101
247 1.177280
248 1.177644
249 1.177960
250 1.177824
251 1.178028
252 1.178300
253 1.178534
254 1.178935
255 1.178739
256 1.179043
257 1.179205
258 1.179493
259 1.180170
260 1.179975
261 1.180328
262 1.180236
263 1.179932
264 1.179558
265 1.179774
266 1.179727
267 1.179503
268 1.179748
269 1.180011
270 1.180565
271 1.181036
272 1.180748
273 1.180729
274 1.181114
275 1.181233
276 1.181326
277 1.181532
278 1.181950
279 1.181605
280 1.181729
281 1.181353
282 1.181470
283 1.181673
284 1.181483
285 1.181481
286 1.181034
287 1.181080
288 1.181278
289 1.181532
290 1.181396
291 1.182017
292 1.183173
293 1.182977
294 1.182895
295 1.183432
296 1.183697
297 1.183576
298 1.183948
299 1.183814
300 1.184017
301 1.184272
302 1.184419
303 1.184193
304 1.184444
305 1.184519
306 1.184768
307 1.184558
308 1.184479
309 1.184621
310 1.184218
311 1.184228
312 1.184411
313 1.184408
314 1.184574
315 1.184534
316 1.184912
317 1.184980
318 1.184979
319 1.185507
320 1.186151
321 1.186513
322 1.186702
323 1.186430
324 1.186483
325 1.186846
326 1.186702
327 1.187208
328 1.186501
329 1.186385
330 1.186640
331 1.186543
332 1.186905
333 1.186717
334 1.186257
335 1.186515
336 1.186392
337 1.186485
338 1.186323
339 1.187020
340 1.187230
341 1.187237
342 1.187151
343 1.187066
344 1.187147
345 1.187382
346 1.186888
347 1.187121
348 1.187016
349 1.186349
350 1.186432
351 1.186466
352 1.186659
353 1.186591
354 1.187047
355 1.186678
356 1.186504
357 1.187312
358 1.187119
359 1.187103
360 1.187603
361 1.187213
362 1.187162
363 1.187119
364 1.187207
365 1.187117
366 1.187344
367 1.187030
368 1.186988
369 1.187040
370 1.187150
371 1.187439
372 1.187532
373 1.187304
374 1.187319
375 1.187257
376 1.186964
377 1.187289
378 1.186806
379 1.186807
380 1.187159
381 1.187384
382 1.187147
383 1.186986
384 1.187859
385 1.188394
386 1.188212
387 1.188903
388 1.188829
389 1.188712
390 1.188458
391 1.188745
392 1.188544
393 1.188479
394 1.188458
395 1.188499
396 1.188809
397 1.188676
398 1.188797
399 1.188357
400 1.188415
401 1.188458
402 1.188598
403 1.188867
404 1.188640
405 1.188875
406 1.189163
407 1.189088
408 1.189414
409 1.189596
410 1.189475
411 1.189057
412 1.188753
413 1.188816
414 1.188780
415 1.188681
416 1.188493
417 1.188830
418 1.189243
419 1.189626
420 1.189567
421 1.189628
422 1.189787
423 1.189808
424 1.189737
425 1.190132
426 1.190621
427 1.190726
428 1.190264
429 1.190609
430 1.190985
431 1.190731
432 1.190815
433 1.190859
434 1.190819
435 1.191004
436 1.190792
437 1.191024
438 1.191163
439 1.190998
440 1.191751
441 1.191855
442 1.191767
443 1.191766
444 1.192077
445 1.192434
446 1.192548
447 1.192803
448 1.192781
449 1.192727
450 1.192839
451 1.193059
452 1.192532
453 1.192138
454 1.191533
455 1.191307
456 1.191514
457 1.191662
458 1.192111
459 1.191984
460 1.191857
461 1.192069
462 1.191941
463 1.192352
464 1.192186
465 1.192271
466 1.192017
467 1.191481
468 1.191162
469 1.191494
470 1.191600
471 1.191417
472 1.191344
473 1.191730
474 1.191730
475 1.191288
476 1.191473
477 1.191689
478 1.191855
479 1.191455
480 1.191282
481 1.191316
482 1.192078
483 1.191918
484 1.192270
485 1.192147
486 1.192315
487 1.192081
488 1.192270
489 1.192469
490 1.192327
491 1.192694
492 1.192518
493 1.192918
494 1.193063
495 1.193168
496 1.193391
497 1.193448
498 1.193704
499 1.193825
500 1.193581
501 1.193180
502 1.193055
503 1.193216
504 1.193147
505 1.193213
506 1.192964
507 1.193464
508 1.193863
509 1.194136
510 1.194652
511 1.194224
512 1.194255
513 1.193874
514 1.193550
515 1.192723
516 1.192362
517 1.192259
518 1.192249
519 1.192739
520 1.192387
521 1.192167
522 1.191931
523 1.191985
524 1.191983
525 1.191793
526 1.192289
527 1.192514
528 1.192735
529 1.192615
530 1.192454
531 1.192545
532 1.192661
533 1.193117
534 1.192767
535 1.192966
536 1.193236
537 1.192966
538 1.192734
539 1.192090
540 1.191818
541 1.191597
542 1.191607
543 1.191793
544 1.192056
545 1.192053
546 1.191806
547 1.192556
548 1.192578
549 1.192843
550 1.192868
551 1.193049
552 1.193160
553 1.193229
554 1.192924
555 1.193032
556 1.193268
557 1.193348
558 1.193376
559 1.193515
560 1.193899
561 1.193607
562 1.193237
563 1.193684
564 1.193596
565 1.193459
566 1.193831
567 1.193663
568 1.193363
569 1.193477
570 1.193470
571 1.193439
572 1.193573
573 1.193318
574 1.193517
575 1.193303
576 1.193022
577 1.193149
578 1.192900
579 1.192539
580 1.192360
581 1.192211
582 1.191909
583 1.192198
584 1.192026
585 1.192240
586 1.192673
587 1.192828
588 1.192848
589 1.192934
590 1.192862
591 1.192848
592 1.192475
593 1.192285
594 1.191914
595 1.191728
596 1.191894
597 1.191867
598 1.192078
599 1.192085
600 1.192506
601 1.193102
602 1.193473
603 1.192962
604 1.192880
605 1.192347
606 1.192179
607 1.191541
608 1.191315
609 1.191051
610 1.191878
611 1.192124
612 1.192315
613 1.192385
614 1.192390
615 1.192412
616 1.192482
617 1.192257
618 1.192035
619 1.191890
620 1.191748
621 1.191609
622 1.191373
623 1.191666
624 1.191872
625 1.191827
626 1.191913
627 1.192005
628 1.192104
629 1.192231
630 1.191964
631 1.192252
632 1.192321
633 1.193163
634 1.193117
635 1.192864
636 1.192811
637 1.193232
638 1.193122
639 1.192775
640 1.193225
641 1.192826
642 1.192152
643 1.191915
644 1.191996
645 1.192139
646 1.191518
647 1.191101
648 1.190892
649 1.190306
650 1.190266
651 1.190482
652 1.189938
653 1.189847
654 1.190119
655 1.190133
656 1.190897
657 1.190093
658 1.190082
659 1.189919
660 1.189605
661 1.189867
662 1.189650
663 1.190078
664 1.190362
665 1.190553
666 1.190463
667 1.190762
668 1.190913
669 1.190615
670 1.190806
671 1.190802
672 1.191536
673 1.191519
674 1.191241
675 1.191895
676 1.191730
677 1.191810
678 1.191761
679 1.191616
680 1.192082
681 1.191722
682 1.192158
683 1.191763
684 1.191778
685 1.192001
686 1.192217
687 1.192222
688 1.192148
689 1.191274
690 1.191470
691 1.191449
692 1.191081
693 1.191598
694 1.191443
695 1.191138
696 1.190902
697 1.191763
698 1.192046
699 1.191884
700 1.191880
701 1.192371
702 1.192328
703 1.192565
704 1.192530
705 1.192494
706 1.192392
707 1.192824
708 1.192758
709 1.192816
710 1.192532
711 1.193261
712 1.193181
713 1.193763
714 1.193566
715 1.193888
716 1.193797
717 1.193721
718 1.193350
719 1.193125
720 1.192856
721 1.193015
722 1.192864
723 1.192699
724 1.192931
725 1.193161
726 1.192740
727 1.192150
728 1.192260
729 1.192221
730 1.192074
731 1.191750
732 1.191481
733 1.191648
734 1.191642
735 1.191356
736 1.190825
737 1.191144
738 1.191241
739 1.191754
740 1.191811
741 1.192005
742 1.192084
743 1.192135
744 1.192171
745 1.192198
746 1.192629
747 1.192385
748 1.192236
749 1.192709
750 1.192963
751 1.193315
752 1.192537
753 1.192680
754 1.192620
755 1.192993
756 1.192972
757 1.192631
758 1.193201
759 1.193541
760 1.193693
761 1.193619
762 1.193962
763 1.194314
764 1.194250
765 1.194669
766 1.194680
767 1.194903
768 1.194698
769 1.194441
770 1.193876
771 1.194022
772 1.194180
773 1.194027
774 1.193477
775 1.193479
776 1.193258
777 1.193232
778 1.193227
779 1.193477
780 1.193725
781 1.193569
782 1.193239
783 1.192521
784 1.192353
785 1.192387
786 1.192103
787 1.191970
788 1.192562
789 1.192654
790 1.192647
791 1.192993
792 1.193038
793 1.192855
794 1.192866
795 1.193104
796 1.192958
797 1.192736
798 1.192667
799 1.192524
800 1.192675
801 1.192397
802 1.191999
803 1.192011
804 1.192068
805 1.191797
806 1.192309
807 1.192790
808 1.192885
809 1.192851
810 1.193034
811 1.192671
812 1.192734
813 1.193036
814 1.193114
815 1.193345
816 1.193185
817 1.193327
818 1.193385
819 1.193409
820 1.193288
821 1.193324
822 1.193172
823 1.193453
824 1.193233
825 1.192970
826 1.193397
827 1.193547
828 1.193490
829 1.193404
830 1.193128
831 1.192975
832 1.193040
833 1.193359
834 1.193653
835 1.193577
836 1.193540
837 1.193647
838 1.193825
839 1.193715
840 1.193852
841 1.193236
842 1.193487
843 1.193108
844 1.193344
845 1.192981
846 1.192960
847 1.192750
848 1.192562
849 1.192236
850 1.192152
851 1.192158
852 1.192841
853 1.193257
854 1.193337
855 1.193726
856 1.193922
857 1.193926
858 1.193626
859 1.193248
860 1.193358
861 1.193560
862 1.193385
863 1.193619
864 1.193357
865 1.193138
866 1.193019
867 1.193208
868 1.193004
869 1.193009
870 1.193653
871 1.193447
872 1.193528
873 1.193207
874 1.192637
875 1.192255
876 1.191886
877 1.191975
878 1.192177
879 1.192325
880 1.192186
881 1.192072
882 1.191840
883 1.191995
884 1.191716
885 1.191509
886 1.191565
887 1.191630
888 1.191486
889 1.191327
890 1.191511
891 1.191479
892 1.191732
893 1.192061
894 1.192262
895 1.191961
896 1.191844
897 1.191941
898 1.191651
899 1.192149
900 1.191995
901 1.192332
902 1.192405
903 1.192372
904 1.192045
905 1.191912
906 1.191993
907 1.191576
908 1.191756
909 1.191635
910 1.191054
911 1.190959
912 1.190567
913 1.190099
914 1.190278
915 1.190491
916 1.190407
917 1.190302
918 1.190081
919 1.190157
920 1.190573
921 1.190820
922 1.190574
923 1.190680
924 1.191105
925 1.191466
926 1.191869
927 1.191882
928 1.191628
929 1.191499
930 1.191520
931 1.191533
932 1.191581
933 1.191842
934 1.192080
935 1.191910
936 1.191470
937 1.191410
938 1.191423
939 1.191410
940 1.191414
941 1.191495
942 1.191403
943 1.191775
944 1.191775
945 1.191775
946 1.191775
947 1.191775
948 1.191775
949 1.191775
950 1.191775
951 1.191775
952 1.191775
953 1.191775
954 1.191775
955 1.191775
956 1.191775
957 1.191775
958 1.191775
959 1.191775
960 1.191775
961 1.191775
962 1.191775
963 1.191775
964 1.191775
965 1.191775
966 1.191775
967 1.191775
968 1.191775
969 1.191775
970 1.191775
971 1.191775
972 1.191775
973 1.191775
974 1.191775
975 1.191775
976 1.191775
977 1.191775
978 1.191775
979 1.191775
980 1.191775
981 1.191775
982 1.191775
983 1.191775
984 1.191775
985 1.191775
986 1.191775
987 1.191775
988 1.191775
989 1.191775
990 1.191775
991 1.191775
992 1.191775
993 1.191775
994 1.191775
995 1.191775
996 1.191775
997 1.191775
998 1.191775
999 1.191775
1000 1.191775
