1 1.163553
2 1.149742
3 1.141710
4 1.134134
5 1.128967
6 1.123289
7 1.118318
8 1.112913
9 1.107503
10 1.102330
11 1.096866
12 1.090643
13 1.085203
14 1.080433
15 1.075740
16 1.070223
17 1.065732
18 1.061348
19 1.056388
20 1.053215
21 1.049097
22 1.045639
23 1.042305
24 1.038437
25 1.035482
26 1.033614
27 1.030007
28 1.027705
29 1.026453
30 1.024294
31 1.021683
32 1.019049
33 1.016783
34 1.014321
35 1.013336
36 1.012316
37 1.010394
38 1.010097
39 1.008181
40 1.007190
41 1.006811
42 1.007060
43 1.006899
44 1.006591
45 1.006496
46 1.006704
47 1.005719
48 1.005677
49 1.005909
50 1.005784
51 1.006407
52 1.006745
53 1.006840
54 1.006324
55 1.007629
56 1.008033
57 1.008347
58 1.008911
59 1.009148
60 1.009789
61 1.010833
62 1.010993
63 1.012274
64 1.013135
65 1.013710
66 1.013781
67 1.014321
68 1.014855
69 1.015757
70 1.016534
71 1.018260
72 1.020408
73 1.020960
74 1.022621
75 1.024038
76 1.023955
77 1.024750
78 1.027076
79 1.027883
80 1.029004
81 1.030333
82 1.030891
83 1.032178
84 1.033495
85 1.034053
86 1.034984
87 1.036200
88 1.036342
89 1.038318
90 1.039309
91 1.040323
92 1.041907
93 1.043094
94 1.044897
95 1.046469
96 1.048842
97 1.050812
98 1.052770
99 1.053226
100 1.054027
101 1.054686
102 1.056780
103 1.058767
104 1.061158
105 1.062677
106 1.064670
107 1.066331
108 1.066444
109 1.067613
110 1.068841
111 1.070003
112 1.070520
113 1.071890
114 1.073177
115 1.074637
116 1.074755
117 1.076915
118 1.078867
119 1.079602
120 1.080866
121 1.082124
122 1.083221
123 1.084313
124 1.085541
125 1.084799
126 1.085149
127 1.086478
128 1.087243
129 1.087914
130 1.088970
131 1.089788
132 1.090637
133 1.090755
134 1.092399
135 1.093472
136 1.093692
137 1.093514
138 1.094350
139 1.094143
140 1.095970
141 1.096753
142 1.097673
143 1.097756
144 1.099435
145 1.101072
146 1.101155
147 1.101766
148 1.103433
149 1.104424
150 1.105302
151 1.106827
152 1.108138
153 1.108499
154 1.109223
155 1.108986
156 1.109122
157 1.110493
158 1.111478
159 1.112172
160 1.112990
161 1.113957
162 1.114681
163 1.114141
164 1.115191
165 1.115974
166 1.116502
167 1.117606
168 1.118003
169 1.118757
170 1.119635
171 1.119208
172 1.120780
173 1.120293
174 1.122275
175 1.123372
176 1.124405
177 1.125805
178 1.127050
179 1.127442
180 1.127857
181 1.127964
182 1.127869
183 1.128273
184 1.129269
185 1.129993
186 1.130242
187 1.130764
188 1.131049
189 1.130853
190 1.130509
191 1.131678
192 1.132550
193 1.133066
194 1.132900
195 1.133386
196 1.134644
197 1.134508
198 1.135587
199 1.135504
200 1.137260
201 1.137064
202 1.137687
203 1.137984
204 1.137409
205 1.137693
206 1.138767
207 1.139058
208 1.139426
209 1.139461
210 1.139360
211 1.139479
212 1.139378
213 1.140072
214 1.139414
215 1.139093
216 1.139390
217 1.139876
218 1.140938
219 1.140725
220 1.141205
221 1.141638
222 1.142072
223 1.142083
224 1.142908
225 1.142819
226 1.142155
227 1.141846
228 1.142036
229 1.142588
230 1.142588
231 1.142991
232 1.142160
233 1.142647
234 1.142801
235 1.142457
236 1.141911
237 1.142997
238 1.142688
239 1.142107
240 1.141953
241 1.142030
242 1.142558
243 1.141971
244 1.143163
245 1.142321
246 1.142463
247 1.143222
248 1.144320
249 1.143566
250 1.143086
251 1.142819
252 1.142772
253 1.142451
254 1.141994
255 1.142926
256 1.143964
257 1.144059
258 1.144492
259 1.145673
260 1.145293
261 1.145589
262 1.145210
263 1.145975
264 1.146539
265 1.145969
266 1.145613
267 1.145910
268 1.146005
269 1.146011
270 1.145572
271 1.145578
272 1.144777
273 1.145465
274 1.145572
275 1.146604
276 1.146343
277 1.146562
278 1.146545
279 1.147025
280 1.146420
281 1.147375
282 1.147126
283 1.147873
284 1.147779
285 1.147096
286 1.147678
287 1.147055
288 1.146580
289 1.147559
290 1.147328
291 1.147601
292 1.148722
293 1.148680
294 1.150069
295 1.150175
296 1.150763
297 1.150330
298 1.150015
299 1.150045
300 1.150330
301 1.150727
302 1.150146
303 1.150804
304 1.151326
305 1.152086
306 1.153207
307 1.154020
308 1.154423
309 1.153017
310 1.153183
311 1.152726
312 1.152459
313 1.152691
314 1.153604
315 1.153978
316 1.153848
317 1.153118
318 1.153551
319 1.153954
320 1.153403
321 1.152987
322 1.152964
323 1.153361
324 1.152560
325 1.151350
326 1.151961
327 1.151492
328 1.151599
329 1.151730
330 1.152347
331 1.153183
332 1.153901
333 1.154114
334 1.155129
335 1.154114
336 1.153859
337 1.153195
338 1.152459
339 1.152519
340 1.152625
341 1.151249
342 1.151219
343 1.151255
344 1.150852
345 1.150798
346 1.151469
347 1.152536
348 1.152287
349 1.152655
350 1.152542
351 1.152465
352 1.152596
353 1.153130
354 1.153112
355 1.152234
356 1.153592
357 1.152904
358 1.153420
359 1.154085
360 1.153842
361 1.153242
362 1.153343
363 1.154411
364 1.154192
365 1.152738
366 1.152619
367 1.152347
368 1.152376
369 1.153284
370 1.153076
371 1.153954
372 1.153889
373 1.154376
374 1.155663
375 1.155105
376 1.153818
377 1.153937
378 1.152382
379 1.151860
380 1.151142
381 1.149962
382 1.150258
383 1.151291
384 1.150881
385 1.150543
386 1.149837
387 1.150982
388 1.151492
389 1.150567
390 1.150863
391 1.150947
392 1.151979
393 1.151480
394 1.152815
395 1.153794
396 1.153901
397 1.153314
398 1.152916
399 1.152922
400 1.152192
401 1.152121
402 1.152703
403 1.153136
404 1.153586
405 1.155176
406 1.156007
407 1.156262
408 1.156582
409 1.156956
410 1.157864
411 1.158641
412 1.158789
413 1.157929
414 1.158457
415 1.158730
416 1.159555
417 1.159875
418 1.160634
419 1.160878
420 1.161441
421 1.161791
422 1.161186
423 1.161210
424 1.160652
425 1.160889
426 1.160427
427 1.161133
428 1.160700
429 1.160136
430 1.160053
431 1.158582
432 1.158766
433 1.158255
434 1.158599
435 1.159620
436 1.159122
437 1.160005
438 1.158101
439 1.158344
440 1.158196
441 1.158332
442 1.159418
443 1.159543
444 1.158795
445 1.159205
446 1.159335
447 1.159211
448 1.159074
449 1.160652
450 1.160373
451 1.161144
452 1.160504
453 1.160925
454 1.159946
455 1.160219
456 1.159608
457 1.160433
458 1.159590
459 1.159056
460 1.158196
461 1.157923
462 1.158552
463 1.158499
464 1.159454
465 1.159276
466 1.159347
467 1.159276
468 1.158036
469 1.157716
470 1.156843
471 1.157217
472 1.157597
473 1.158896
474 1.159181
475 1.159264
476 1.159477
477 1.159122
478 1.159003
479 1.158754
480 1.159596
481 1.159608
482 1.160516
483 1.161910
484 1.161489
485 1.161827
486 1.161317
487 1.160403
488 1.160777
489 1.160700
490 1.161228
491 1.161239
492 1.161020
493 1.161500
494 1.160794
495 1.160468
496 1.161162
497 1.161050
498 1.161305
499 1.161750
500 1.160213
501 1.161233
502 1.160255
503 1.159738
504 1.159044
505 1.159175
506 1.160065
507 1.160919
508 1.160183
509 1.160296
510 1.161542
511 1.161056
512 1.162432
513 1.162521
514 1.163013
515 1.163156
516 1.161423
517 1.160895
518 1.159899
519 1.158920
520 1.158997
521 1.159288
522 1.159033
523 1.159561
524 1.159709
525 1.160747
526 1.161797
527 1.161583
528 1.162278
529 1.162242
530 1.161898
531 1.161951
532 1.160943
533 1.161435
534 1.162224
535 1.162028
536 1.162699
537 1.162924
538 1.162782
539 1.163304
540 1.162438
541 1.162248
542 1.163820
543 1.163974
544 1.163897
545 1.163707
546 1.162734
547 1.162473
548 1.163037
549 1.162954
550 1.163334
551 1.161886
552 1.161922
553 1.161969
554 1.162307
555 1.162159
556 1.162343
557 1.162218
558 1.161916
559 1.162260
560 1.162135
561 1.161643
562 1.161922
563 1.162005
564 1.161732
565 1.161447
566 1.161328
567 1.161536
568 1.162794
569 1.163660
570 1.163185
571 1.163173
572 1.162723
573 1.161589
574 1.161643
575 1.162135
576 1.161750
577 1.162147
578 1.162005
579 1.162734
580 1.164099
581 1.164372
582 1.164289
583 1.164247
584 1.164324
585 1.164223
586 1.164378
587 1.163553
588 1.163903
589 1.164223
590 1.163749
591 1.163660
592 1.164170
593 1.164722
594 1.165825
595 1.165457
596 1.165410
597 1.164425
598 1.163268
599 1.162064
600 1.162717
601 1.162770
602 1.161548
603 1.162550
604 1.162568
605 1.163209
606 1.162515
607 1.163173
608 1.163690
609 1.163387
610 1.163933
611 1.163233
612 1.163363
613 1.162503
614 1.162373
615 1.162467
616 1.162497
617 1.163624
618 1.163150
619 1.163144
620 1.162699
621 1.162687
622 1.162028
623 1.162147
624 1.161198
625 1.160361
626 1.160083
627 1.160094
628 1.160284
629 1.161465
630 1.162058
631 1.162622
632 1.163773
633 1.164680
634 1.164835
635 1.163666
636 1.163144
637 1.164846
638 1.165624
639 1.166074
640 1.165404
641 1.164508
642 1.164591
643 1.164888
644 1.164817
645 1.164378
646 1.163470
647 1.162942
648 1.164366
649 1.163808
650 1.162272
651 1.163345
652 1.163725
653 1.163138
654 1.162639
655 1.162414
656 1.162177
657 1.162212
658 1.161702
659 1.162723
660 1.163690
661 1.163986
662 1.163856
663 1.162675
664 1.161821
665 1.162076
666 1.162485
667 1.162444
668 1.162598
669 1.161702
670 1.161975
671 1.160972
672 1.160290
673 1.160017
674 1.160100
675 1.160539
676 1.160961
677 1.160723
678 1.160700
679 1.160688
680 1.159970
681 1.161067
682 1.161216
683 1.161589
684 1.162456
685 1.162414
686 1.163185
687 1.163150
688 1.162343
689 1.162936
690 1.163073
691 1.162189
692 1.162301
693 1.161417
694 1.162930
695 1.162545
696 1.162853
697 1.163191
698 1.162242
699 1.163233
700 1.164615
701 1.163387
702 1.163879
703 1.163411
704 1.163494
705 1.162408
706 1.161862
707 1.161732
708 1.161845
709 1.161963
710 1.161726
711 1.162361
712 1.162230
713 1.162426
714 1.161845
715 1.162586
716 1.161999
717 1.161056
718 1.161251
719 1.161251
720 1.162034
721 1.161625
722 1.162289
723 1.162746
724 1.163417
725 1.163494
726 1.164016
727 1.163844
728 1.163458
729 1.163423
730 1.163411
731 1.163423
732 1.162995
733 1.162206
734 1.162200
735 1.163393
736 1.163921
737 1.163535
738 1.163073
739 1.163381
740 1.163351
741 1.163535
742 1.163381
743 1.163150
744 1.163073
745 1.163755
746 1.163482
747 1.162990
748 1.163434
749 1.162325
750 1.161667
751 1.160984
752 1.160753
753 1.159905
754 1.159958
755 1.160017
756 1.158866
757 1.158054
758 1.157087
759 1.156511
760 1.157460
761 1.157846
762 1.157781
763 1.157763
764 1.159454
765 1.158315
766 1.158125
767 1.157561
768 1.157401
769 1.159650
770 1.159133
771 1.159151
772 1.159086
773 1.159288
774 1.159744
775 1.160011
776 1.160978
777 1.161168
778 1.160433
779 1.160338
780 1.160231
781 1.159632
782 1.160593
783 1.160433
784 1.160688
785 1.161305
786 1.161934
787 1.162438
788 1.161744
789 1.161815
790 1.162349
791 1.161815
792 1.161815
793 1.161750
794 1.161856
795 1.162082
796 1.162770
797 1.162462
798 1.163179
799 1.162467
800 1.163340
801 1.164022
802 1.163500
803 1.163559
804 1.164170
805 1.165226
806 1.165368
807 1.166116
808 1.167219
809 1.166774
810 1.166709
811 1.166970
812 1.165606
813 1.165629
814 1.165250
815 1.164360
816 1.164324
817 1.164413
818 1.164164
819 1.164793
820 1.164591
821 1.164484
822 1.164419
823 1.163992
824 1.163280
825 1.163150
826 1.164158
827 1.162687
828 1.163666
829 1.164034
830 1.164372
831 1.163553
832 1.163933
833 1.162515
834 1.162586
835 1.161791
836 1.161583
837 1.161139
838 1.161963
839 1.161139
840 1.160996
841 1.161619
842 1.161435
843 1.162058
844 1.162788
845 1.162200
846 1.162788
847 1.162046
848 1.161340
849 1.161904
850 1.162349
851 1.161928
852 1.160937
853 1.160314
854 1.159377
855 1.159685
856 1.159555
857 1.160664
858 1.159905
859 1.160539
860 1.160818
861 1.160777
862 1.160700
863 1.160759
864 1.161702
865 1.160996
866 1.162023
867 1.162248
868 1.162663
869 1.161542
870 1.162094
871 1.162141
872 1.162396
873 1.162966
874 1.163992
875 1.164259
876 1.164218
877 1.164081
878 1.163962
879 1.164212
880 1.164941
881 1.164953
882 1.164995
883 1.165036
884 1.164710
885 1.163879
886 1.163767
887 1.164811
888 1.164591
889 1.165546
890 1.164532
891 1.165321
892 1.164484
893 1.164817
894 1.165374
895 1.165677
896 1.165671
897 1.165404
898 1.164277
899 1.164490
900 1.164573
901 1.164123
902 1.163909
903 1.163998
904 1.163090
905 1.162622
906 1.161750
907 1.161204
908 1.160089
909 1.159875
910 1.159661
911 1.160427
912 1.161839
913 1.161352
914 1.159709
915 1.160628
916 1.161500
917 1.161417
918 1.160783
919 1.160581
920 1.160391
921 1.159513
922 1.159531
923 1.160160
924 1.160118
925 1.160284
926 1.160640
927 1.160005
928 1.160130
929 1.161174
930 1.161827
931 1.160996
932 1.160907
933 1.161056
934 1.162260
935 1.161465
936 1.161791
937 1.162669
938 1.163719
939 1.163601
940 1.164971
941 1.164680
942 1.163802
943 1.164396
944 1.163951
945 1.163998
946 1.164728
947 1.164585
948 1.164170
949 1.165653
950 1.164775
951 1.164431
952 1.163636
953 1.163411
954 1.162432
955 1.162230
956 1.161334
957 1.162212
958 1.161269
959 1.162100
960 1.161684
961 1.161655
962 1.162141
963 1.163310
964 1.163292
965 1.162871
966 1.163007
967 1.162438
968 1.161459
969 1.160937
970 1.161394
971 1.162313
972 1.161850
973 1.161459
974 1.162337
975 1.162005
976 1.160539
977 1.158777
978 1.158463
979 1.159074
980 1.159596
981 1.159371
982 1.159388
983 1.159299
984 1.159299
985 1.159887
986 1.160474
987 1.159537
988 1.159709
989 1.159780
990 1.159614
991 1.158712
992 1.159169
993 1.160984
994 1.161500
995 1.162865
996 1.164010
997 1.164811
998 1.165161
999 1.164876
1000 1.164597
1001 1.165908
1002 1.165879
1003 1.166786
1004 1.166033
1005 1.166383
1006 1.166697
1007 1.167077
1008 1.167113
1009 1.166460
1010 1.167273
1011 1.166852
1012 1.166561
1013 1.167480
1014 1.168091
1015 1.167558
1016 1.166418
1017 1.166448
1018 1.165766
1019 1.165214
1020 1.165279
1021 1.164811
1022 1.162936
1023 1.163968
1024 1.164692
1025 1.165558
1026 1.166027
1027 1.165944
1028 1.165647
1029 1.167000
1030 1.166454
1031 1.166852
1032 1.165831
1033 1.165066
1034 1.164876
1035 1.165481
1036 1.165908
1037 1.165333
1038 1.165428
1039 1.164935
1040 1.164787
1041 1.165250
1042 1.165416
1043 1.165570
1044 1.165713
1045 1.166608
1046 1.166157
1047 1.165659
1048 1.164449
1049 1.164253
1050 1.163731
1051 1.163755
1052 1.163470
1053 1.164378
1054 1.165113
1055 1.165576
1056 1.164995
1057 1.165428
1058 1.165107
1059 1.164959
1060 1.165499
1061 1.165677
1062 1.165463
1063 1.164805
1064 1.165469
1065 1.165707
1066 1.166146
1067 1.167445
1068 1.166869
1069 1.166567
1070 1.166276
1071 1.166496
1072 1.166205
1073 1.165007
1074 1.165576
1075 1.165214
1076 1.164556
1077 1.163512
1078 1.163138
1079 1.160296
1080 1.160836
1081 1.159970
1082 1.159833
1083 1.159727
1084 1.160005
1085 1.158855
1086 1.159133
1087 1.159839
1088 1.160201
1089 1.160753
1090 1.160355
1091 1.160023
1092 1.159946
1093 1.160498
1094 1.161856
1095 1.162082
1096 1.162248
1097 1.161684
1098 1.162052
1099 1.161999
1100 1.161655
1101 1.162349
1102 1.162177
1103 1.162278
1104 1.162284
1105 1.162918
1106 1.163494
1107 1.163601
1108 1.163357
1109 1.163749
1110 1.163761
1111 1.164419
1112 1.164763
1113 1.164704
1114 1.164372
1115 1.163761
1116 1.163713
1117 1.163648
1118 1.162883
1119 1.163399
1120 1.163695
1121 1.164057
1122 1.164330
1123 1.163879
1124 1.163974
1125 1.163304
1126 1.162930
1127 1.163328
1128 1.163808
1129 1.164396
1130 1.163891
1131 1.164194
1132 1.164544
1133 1.164063
1134 1.162995
1135 1.162040
1136 1.162462
1137 1.162230
1138 1.161850
1139 1.162580
1140 1.163055
1141 1.163209
1142 1.162254
1143 1.162100
1144 1.161839
1145 1.162782
1146 1.162610
1147 1.162509
1148 1.163423
1149 1.163239
1150 1.163547
1151 1.163749
1152 1.164585
1153 1.164603
1154 1.163701
1155 1.162663
1156 1.162539
1157 1.162378
1158 1.162390
1159 1.162545
1160 1.162645
1161 1.162776
1162 1.163814
1163 1.164111
1164 1.163363
1165 1.163790
1166 1.163814
1167 1.165297
1168 1.165629
1169 1.165944
1170 1.165748
1171 1.166122
1172 1.166899
1173 1.166502
1174 1.166051
1175 1.166436
1176 1.166080
1177 1.166318
1178 1.167184
1179 1.166436
1180 1.166371
1181 1.166923
1182 1.166241
1183 1.165600
1184 1.165784
1185 1.164680
1186 1.164639
1187 1.164585
1188 1.163654
1189 1.164129
1190 1.164479
1191 1.163980
1192 1.164111
1193 1.164045
1194 1.163470
1195 1.162527
1196 1.162023
1197 1.162794
1198 1.162995
1199 1.163755
1200 1.163832
1201 1.164218
1202 1.162705
1203 1.163007
1204 1.162948
1205 1.163399
1206 1.164437
1207 1.163921
1208 1.163476
1209 1.163298
1210 1.162592
1211 1.163262
1212 1.163968
1213 1.163992
1214 1.164081
1215 1.164301
1216 1.164846
1217 1.166152
1218 1.166027
1219 1.166110
1220 1.164852
1221 1.164075
1222 1.163862
1223 1.163915
1224 1.164016
1225 1.164247
1226 1.163304
1227 1.164099
1228 1.164645
1229 1.164793
1230 1.165914
1231 1.165321
1232 1.165671
1233 1.165588
1234 1.166579
1235 1.166638
1236 1.166804
1237 1.166952
1238 1.167178
1239 1.167124
1240 1.166252
1241 1.166146
1242 1.166424
1243 1.165487
1244 1.164295
1245 1.163743
1246 1.163523
1247 1.162960
1248 1.162877
1249 1.162017
1250 1.161987
1251 1.162123
1252 1.162384
1253 1.163660
1254 1.164621
1255 1.165036
1256 1.164781
1257 1.165457
1258 1.164989
1259 1.165190
1260 1.164787
1261 1.164888
1262 1.164194
1263 1.164941
1264 1.163897
1265 1.163921
1266 1.164140
1267 1.165238
1268 1.164508
1269 1.163636
1270 1.163962
1271 1.164307
1272 1.164799
1273 1.163862
1274 1.164900
1275 1.165529
1276 1.165914
1277 1.165564
1278 1.165392
1279 1.164829
1280 1.164846
1281 1.165274
1282 1.165345
1283 1.164668
1284 1.164229
1285 1.163167
1286 1.163565
1287 1.163007
1288 1.163951
1289 1.163826
1290 1.163903
1291 1.163298
1292 1.162076
1293 1.162295
1294 1.162889
1295 1.162278
1296 1.162206
1297 1.163108
1298 1.163221
1299 1.163482
1300 1.164182
1301 1.164194
1302 1.163108
1303 1.162218
1304 1.163126
1305 1.164188
1306 1.163310
1307 1.163363
1308 1.162764
1309 1.164051
1310 1.163933
1311 1.163850
1312 1.164496
1313 1.164894
1314 1.165220
1315 1.165279
1316 1.165060
1317 1.165570
1318 1.165707
1319 1.164657
1320 1.163779
1321 1.164200
1322 1.163470
1323 1.163197
1324 1.163393
1325 1.163340
1326 1.163221
1327 1.163879
1328 1.163707
1329 1.163446
1330 1.162912
1331 1.162895
1332 1.164105
1333 1.164502
1334 1.165030
1335 1.165523
1336 1.165926
1337 1.165748
1338 1.165546
1339 1.165285
1340 1.165060
1341 1.165185
1342 1.165143
1343 1.163393
1344 1.163897
1345 1.163773
1346 1.163179
1347 1.163850
1348 1.163695
1349 1.163873
1350 1.164514
1351 1.164959
1352 1.164876
1353 1.164989
1354 1.165303
1355 1.164870
1356 1.165849
1357 1.164461
1358 1.163583
1359 1.164069
1360 1.164312
1361 1.165451
1362 1.166199
1363 1.166193
1364 1.167213
1365 1.166525
1366 1.166359
1367 1.167486
1368 1.167255
1369 1.165594
1370 1.163743
1371 1.163292
1372 1.163215
1373 1.163173
1374 1.163197
1375 1.162705
1376 1.162687
1377 1.163197
1378 1.163933
1379 1.163090
1380 1.162420
1381 1.161969
1382 1.161856
1383 1.162153
1384 1.162373
1385 1.161856
1386 1.162011
1387 1.161435
1388 1.161168
1389 1.160919
1390 1.160836
1391 1.160913
1392 1.160789
1393 1.159798
1394 1.159430
1395 1.160189
1396 1.160545
1397 1.161453
1398 1.162295
1399 1.163179
1400 1.163126
1401 1.164051
1402 1.164431
1403 1.165101
1404 1.164247
1405 1.164069
1406 1.164218
1407 1.164562
1408 1.164384
1409 1.164662
1410 1.164218
1411 1.164045
1412 1.164906
1413 1.164295
1414 1.163820
1415 1.163322
1416 1.162556
1417 1.161999
1418 1.161334
1419 1.160800
1420 1.161222
1421 1.160978
1422 1.160373
1423 1.160118
1424 1.160391
1425 1.161750
1426 1.161275
1427 1.161322
1428 1.161696
1429 1.162337
1430 1.162948
1431 1.161269
1432 1.162450
1433 1.163743
1434 1.162972
1435 1.162942
1436 1.162159
1437 1.161987
1438 1.162568
1439 1.162177
1440 1.162426
1441 1.161352
1442 1.160705
1443 1.160302
1444 1.159982
1445 1.160154
1446 1.160142
1447 1.161204
1448 1.159774
1449 1.159246
1450 1.159940
1451 1.160000
1452 1.160041
1453 1.159673
1454 1.159133
1455 1.158724
1456 1.159495
1457 1.159211
1458 1.159412
1459 1.159501
1460 1.159329
1461 1.158362
1462 1.158178
1463 1.158742
1464 1.157988
1465 1.157810
1466 1.158119
1467 1.158119
1468 1.158665
1469 1.158884
1470 1.158528
1471 1.158635
1472 1.158920
1473 1.159234
1474 1.160207
1475 1.159679
1476 1.159472
1477 1.159673
1478 1.159359
1479 1.159792
1480 1.159780
1481 1.160255
1482 1.160765
1483 1.160913
1484 1.162129
1485 1.161684
1486 1.161845
1487 1.162574
1488 1.161833
1489 1.161993
1490 1.162574
1491 1.163037
1492 1.162592
1493 1.163440
1494 1.163381
1495 1.163654
1496 1.163245
1497 1.164271
1498 1.164301
1499 1.164935
1500 1.165119
1501 1.165932
1502 1.165511
1503 1.165701
1504 1.164639
1505 1.164657
1506 1.163262
1507 1.162978
1508 1.162711
1509 1.163179
1510 1.162556
1511 1.163464
1512 1.163452
1513 1.163820
1514 1.163227
1515 1.162485
1516 1.162070
1517 1.161536
1518 1.161607
1519 1.161441
1520 1.161560
1521 1.161287
1522 1.162503
1523 1.163322
1524 1.162912
1525 1.162901
1526 1.162497
1527 1.162195
1528 1.162313
1529 1.163268
1530 1.163209
1531 1.162367
1532 1.162248
1533 1.161815
1534 1.162402
1535 1.162639
1536 1.162052
1537 1.160794
1538 1.160717
1539 1.161233
1540 1.161038
1541 1.162094
1542 1.162165
1543 1.162367
1544 1.161862
1545 1.161767
1546 1.162580
1547 1.162319
1548 1.162758
1549 1.163173
1550 1.163209
1551 1.161880
1552 1.162782
1553 1.162503
1554 1.162094
1555 1.161750
1556 1.162639
1557 1.162942
1558 1.161975
1559 1.162378
1560 1.161839
1561 1.160889
1562 1.160883
1563 1.160528
1564 1.160243
1565 1.160854
1566 1.161085
1567 1.161518
1568 1.160077
1569 1.160569
1570 1.160510
1571 1.160177
1572 1.159727
1573 1.160177
1574 1.160278
1575 1.160350
1576 1.161204
1577 1.162699
1578 1.162129
1579 1.161945
1580 1.162467
1581 1.162034
1582 1.163399
1583 1.161761
1584 1.161969
1585 1.161690
1586 1.162426
1587 1.161370
1588 1.160729
1589 1.161601
1590 1.161275
1591 1.162094
1592 1.161678
1593 1.161720
1594 1.162669
1595 1.162972
1596 1.162527
1597 1.162111
1598 1.163144
1599 1.162865
1600 1.163025
1601 1.164336
1602 1.164787
1603 1.164526
1604 1.163500
1605 1.164247
1606 1.163120
1607 1.161839
1608 1.162106
1609 1.161696
1610 1.162023
1611 1.161874
1612 1.162040
1613 1.161631
1614 1.161613
1615 1.162568
1616 1.162503
1617 1.161572
1618 1.161607
1619 1.161500
1620 1.162058
1621 1.160759
1622 1.160551
1623 1.160705
1624 1.160883
1625 1.162266
1626 1.161447
1627 1.161773
1628 1.161868
1629 1.160634
1630 1.160023
1631 1.159774
1632 1.159288
1633 1.159578
1634 1.161115
1635 1.161002
1636 1.161192
1637 1.161726
1638 1.161667
1639 1.161696
1640 1.162574
1641 1.162901
1642 1.162545
1643 1.162319
1644 1.162657
1645 1.163488
1646 1.163606
1647 1.164134
1648 1.164229
1649 1.164378
1650 1.165155
1651 1.164028
1652 1.164532
1653 1.164449
1654 1.163571
1655 1.163162
1656 1.163150
1657 1.163844
1658 1.163150
1659 1.163707
1660 1.164123
1661 1.164603
1662 1.164378
1663 1.165529
1664 1.165238
1665 1.165185
1666 1.165274
1667 1.165226
1668 1.166021
1669 1.165796
1670 1.164627
1671 1.164324
1672 1.163998
1673 1.164176
1674 1.163927
1675 1.163363
1676 1.163666
1677 1.164502
1678 1.164099
1679 1.164929
1680 1.164437
1681 1.165155
1682 1.165173
1683 1.164829
1684 1.165540
1685 1.166057
1686 1.166430
1687 1.166899
1688 1.166472
1689 1.165974
1690 1.165113
1691 1.164123
1692 1.164692
1693 1.164218
1694 1.165090
1695 1.165321
1696 1.165742
1697 1.165802
1698 1.166335
1699 1.166128
1700 1.165730
1701 1.166490
1702 1.166816
1703 1.166579
1704 1.166347
1705 1.166294
1706 1.166442
1707 1.166175
1708 1.166134
1709 1.165078
1710 1.165629
1711 1.165469
1712 1.166567
1713 1.166644
1714 1.166739
1715 1.166454
1716 1.165807
1717 1.166146
1718 1.166294
1719 1.166816
1720 1.168204
1721 1.168530
1722 1.166691
1723 1.166282
1724 1.166519
1725 1.166347
1726 1.166745
1727 1.167059
1728 1.166857
1729 1.166104
1730 1.164716
1731 1.165540
1732 1.165238
1733 1.165594
1734 1.165713
1735 1.165896
1736 1.164627
1737 1.164763
1738 1.165327
1739 1.164983
1740 1.165155
1741 1.165208
1742 1.165048
1743 1.164615
1744 1.164882
1745 1.165060
1746 1.164918
1747 1.164674
1748 1.163589
1749 1.163695
1750 1.164639
1751 1.164704
1752 1.164817
1753 1.163630
1754 1.164034
1755 1.163921
1756 1.163790
1757 1.163304
1758 1.162717
1759 1.162248
1760 1.161862
1761 1.161121
1762 1.161999
1763 1.162218
1764 1.162094
1765 1.161085
1766 1.161061
1767 1.159679
1768 1.160599
1769 1.161477
1770 1.161999
1771 1.160854
1772 1.160794
1773 1.161423
1774 1.160937
1775 1.161655
1776 1.161572
1777 1.161269
1778 1.161269
1779 1.161690
1780 1.161631
1781 1.161388
1782 1.162141
1783 1.162847
1784 1.163096
1785 1.163571
1786 1.163897
1787 1.163666
1788 1.162984
1789 1.162497
1790 1.162147
1791 1.161981
1792 1.162082
1793 1.161892
1794 1.162527
1795 1.162456
1796 1.162248
1797 1.161032
1798 1.161625
1799 1.162847
1800 1.162129
1801 1.160990
1802 1.161394
1803 1.161417
1804 1.161714
1805 1.162189
1806 1.163553
1807 1.162723
1808 1.163067
1809 1.163856
1810 1.163951
1811 1.163773
1812 1.164140
1813 1.164538
1814 1.165398
1815 1.164075
1816 1.164182
1817 1.163369
1818 1.162717
1819 1.162984
1820 1.162266
1821 1.161874
1822 1.161417
1823 1.161263
1824 1.161850
1825 1.161945
1826 1.161566
1827 1.161904
1828 1.161726
1829 1.162289
1830 1.161904
1831 1.162734
1832 1.161975
1833 1.162586
1834 1.162936
1835 1.162616
1836 1.162651
1837 1.162533
1838 1.162859
1839 1.162171
1840 1.161761
1841 1.160913
1842 1.161115
1843 1.161471
1844 1.160759
1845 1.161423
1846 1.161756
1847 1.162272
1848 1.161726
1849 1.163013
1850 1.163891
1851 1.164057
1852 1.164829
1853 1.164295
1854 1.164336
1855 1.164063
1856 1.163251
1857 1.163084
1858 1.163897
1859 1.164235
1860 1.164431
1861 1.163535
1862 1.163630
1863 1.163138
1864 1.161453
1865 1.160498
1866 1.159952
1867 1.159371
1868 1.159626
1869 1.159110
1870 1.158825
1871 1.158315
1872 1.158771
1873 1.159015
1874 1.159193
1875 1.159750
1876 1.160278
1877 1.160278
1878 1.161554
1879 1.161684
1880 1.160955
1881 1.159875
1882 1.159181
1883 1.159869
1884 1.159899
1885 1.160266
1886 1.159566
1887 1.160652
1888 1.160065
1889 1.158855
1890 1.159205
1891 1.160421
1892 1.160231
1893 1.161293
1894 1.160836
1895 1.161186
1896 1.161406
1897 1.161637
1898 1.161500
1899 1.162426
1900 1.162859
1901 1.162230
1902 1.163067
1903 1.162616
1904 1.163429
1905 1.163108
1906 1.163019
1907 1.162515
1908 1.163013
1909 1.162728
1910 1.161951
1911 1.162106
1912 1.161328
1913 1.161050
1914 1.160255
1915 1.160670
1916 1.159697
1917 1.160023
1918 1.160302
1919 1.160089
1920 1.159359
1921 1.158760
1922 1.159768
1923 1.160266
1924 1.160391
1925 1.161192
1926 1.161204
1927 1.160949
1928 1.160919
1929 1.161061
1930 1.160492
1931 1.159193
1932 1.159264
1933 1.158955
1934 1.157437
1935 1.158475
1936 1.158813
1937 1.158748
1938 1.158860
1939 1.159994
1940 1.159632
1941 1.159044
1942 1.159424
1943 1.159572
1944 1.159792
1945 1.161097
1946 1.161050
1947 1.160688
1948 1.161370
1949 1.160456
1950 1.159561
1951 1.159062
1952 1.157923
1953 1.157751
1954 1.157816
1955 1.158878
1956 1.158629
1957 1.159822
1958 1.159056
1959 1.160255
1960 1.160978
1961 1.161934
1962 1.162835
1963 1.162509
1964 1.162556
1965 1.162230
1966 1.162693
1967 1.162248
1968 1.162278
1969 1.161809
1970 1.162420
1971 1.162515
1972 1.161364
1973 1.161364
1974 1.161287
1975 1.160528
1976 1.159021
1977 1.158902
1978 1.160000
1979 1.159418
1980 1.158149
1981 1.158742
1982 1.158279
1983 1.158528
1984 1.159430
1985 1.158807
1986 1.158018
1987 1.158641
1988 1.158700
1989 1.159916
1990 1.159234
1991 1.159792
1992 1.160272
1993 1.160581
1994 1.161174
1995 1.160967
1996 1.160409
1997 1.160450
1998 1.160350
1999 1.159288
2000 1.160676
2001 1.160462
2002 1.161370
2003 1.160569
2004 1.160278
2005 1.160166
2006 1.160089
2007 1.160605
2008 1.160314
2009 1.160255
2010 1.161322
2011 1.161364
2012 1.160308
2013 1.160563
2014 1.159697
2015 1.160154
2016 1.160367
2017 1.160765
2018 1.161346
2019 1.162278
2020 1.162628
2021 1.164467
2022 1.163962
2023 1.163458
2024 1.163974
2025 1.164045
2026 1.163001
2027 1.163025
2028 1.162764
2029 1.163114
2030 1.163909
2031 1.163328
2032 1.163571
2033 1.163962
2034 1.164206
2035 1.163945
2036 1.163470
2037 1.162325
2038 1.163043
2039 1.162901
2040 1.161951
2041 1.161785
2042 1.161928
2043 1.162912
2044 1.162728
2045 1.162972
2046 1.163636
2047 1.163375
2048 1.163992
2049 1.163678
2050 1.163316
2051 1.163007
2052 1.163749
2053 1.163322
2054 1.164437
2055 1.163369
2056 1.161708
2057 1.161601
2058 1.162420
2059 1.161506
2060 1.161382
2061 1.161014
2062 1.161079
2063 1.160794
2064 1.160753
2065 1.159543
2066 1.159151
2067 1.158694
2068 1.158985
2069 1.159258
2070 1.158789
2071 1.159193
2072 1.158789
2073 1.160355
2074 1.160468
2075 1.160978
2076 1.161097
2077 1.161233
2078 1.161121
2079 1.161601
2080 1.162153
2081 1.162806
2082 1.161738
2083 1.160783
2084 1.160290
2085 1.159472
2086 1.159436
2087 1.159549
2088 1.160083
2089 1.160177
2090 1.160272
2091 1.161714
2092 1.162343
2093 1.162823
2094 1.162556
2095 1.162313
2096 1.162378
2097 1.162645
2098 1.162414
2099 1.161702
2100 1.162307
2101 1.161945
2102 1.162580
2103 1.163227
2104 1.163464
2105 1.163642
2106 1.164562
2107 1.165481
2108 1.165552
2109 1.165505
2110 1.165054
2111 1.164330
2112 1.165357
2113 1.165161
2114 1.165149
2115 1.166057
2116 1.166033
2117 1.165297
2118 1.164977
2119 1.164532
2120 1.164057
2121 1.163334
2122 1.161524
2123 1.162681
2124 1.163939
2125 1.164858
2126 1.165831
2127 1.165653
2128 1.165849
2129 1.165635
2130 1.165624
2131 1.164864
2132 1.164152
2133 1.163280
2134 1.164093
2135 1.163262
2136 1.163387
2137 1.163595
2138 1.163648
2139 1.163707
2140 1.163903
2141 1.163802
2142 1.163547
2143 1.163482
2144 1.164022
2145 1.163642
2146 1.164218
2147 1.163512
2148 1.164093
2149 1.164229
2150 1.163678
2151 1.162117
2152 1.162723
2153 1.162924
2154 1.162675
2155 1.164123
2156 1.164324
2157 1.164585
2158 1.164710
2159 1.164152
2160 1.164757
2161 1.164965
2162 1.164965
2163 1.165363
2164 1.165463
2165 1.165665
2166 1.164870
2167 1.164538
2168 1.165226
2169 1.165024
2170 1.164983
2171 1.165297
2172 1.164532
2173 1.164882
2174 1.165410
2175 1.165463
2176 1.164953
2177 1.164538
2178 1.165024
2179 1.165196
2180 1.166270
2181 1.166917
2182 1.166780
2183 1.165535
2184 1.165742
2185 1.165030
2186 1.165327
2187 1.166157
2188 1.167368
2189 1.167101
2190 1.166632
2191 1.167326
2192 1.168542
2193 1.168803
2194 1.168964
2195 1.168287
2196 1.168952
2197 1.169450
2198 1.167902
2199 1.167053
2200 1.165956
2201 1.166472
2202 1.166223
2203 1.167641
2204 1.168329
2205 1.167878
2206 1.168317
2207 1.167866
2208 1.167261
2209 1.168216
2210 1.168465
2211 1.168602
2212 1.169925
2213 1.170269
2214 1.169628
2215 1.171414
2216 1.171319
2217 1.170322
2218 1.169693
2219 1.169177
2220 1.169308
2221 1.168714
2222 1.168637
2223 1.168103
2224 1.168489
2225 1.168382
2226 1.167397
2227 1.167213
2228 1.167374
2229 1.166846
2230 1.166935
2231 1.166887
2232 1.167403
2233 1.168554
2234 1.168697
2235 1.169319
2236 1.170144
2237 1.171651
2238 1.171906
2239 1.171894
2240 1.171817
2241 1.170927
2242 1.170898
2243 1.171117
2244 1.171663
2245 1.171526
2246 1.170162
2247 1.170275
2248 1.169533
2249 1.169331
2250 1.169438
2251 1.169693
2252 1.169527
2253 1.169658
2254 1.168993
2255 1.168548
2256 1.168086
2257 1.167593
2258 1.168044
2259 1.167611
2260 1.168519
2261 1.168145
2262 1.169984
2263 1.170227
2264 1.171467
2265 1.171070
2266 1.170648
2267 1.170506
2268 1.169355
2269 1.168091
2270 1.168180
2271 1.168169
2272 1.166733
2273 1.166899
2274 1.167130
2275 1.167587
2276 1.167124
2277 1.166840
2278 1.166905
2279 1.167374
2280 1.166442
2281 1.166122
2282 1.165938
2283 1.165535
2284 1.165837
2285 1.166300
2286 1.165363
2287 1.164360
2288 1.165600
2289 1.166786
2290 1.166246
2291 1.166448
2292 1.166774
2293 1.166549
2294 1.167540
2295 1.168074
2296 1.168002
2297 1.166638
2298 1.166507
2299 1.165635
2300 1.165974
2301 1.166276
2302 1.166466
2303 1.166502
2304 1.167107
2305 1.167712
2306 1.167000
2307 1.166857
2308 1.166638
2309 1.166335
2310 1.165962
2311 1.165285
2312 1.164918
2313 1.165072
2314 1.165766
2315 1.164977
2316 1.165309
2317 1.165855
2318 1.164716
2319 1.164829
2320 1.163755
2321 1.164283
2322 1.164562
2323 1.163826
2324 1.163844
2325 1.165036
2326 1.165647
2327 1.166561
2328 1.166952
2329 1.167184
2330 1.166982
2331 1.166389
2332 1.167552
2333 1.168169
2334 1.168370
2335 1.168020
2336 1.167813
2337 1.167943
2338 1.167569
2339 1.168293
2340 1.168738
2341 1.167860
2342 1.168086
2343 1.167801
2344 1.167658
2345 1.167664
2346 1.167949
2347 1.168851
2348 1.167362
2349 1.166264
2350 1.166626
2351 1.167314
2352 1.167415
2353 1.167581
2354 1.167664
2355 1.168323
2356 1.167955
2357 1.167332
2358 1.167789
2359 1.168080
2360 1.167030
2361 1.167540
2362 1.167202
2363 1.167166
2364 1.167427
2365 1.167350
2366 1.169094
2367 1.169325
2368 1.168999
2369 1.168275
2370 1.167415
2371 1.167380
2372 1.167065
2373 1.167154
2374 1.166614
2375 1.166235
2376 1.166911
2377 1.166252
2378 1.165724
2379 1.165920
2380 1.166496
2381 1.165185
2382 1.166033
2383 1.165582
2384 1.166513
2385 1.166383
2386 1.166798
2387 1.166786
2388 1.167267
2389 1.167018
2390 1.166852
2391 1.167030
2392 1.166739
2393 1.166697
2394 1.167718
2395 1.166377
2396 1.166911
2397 1.166644
2398 1.166122
2399 1.166175
2400 1.165090
2401 1.166092
2402 1.165790
2403 1.165879
2404 1.165119
2405 1.164722
2406 1.165155
2407 1.165250
2408 1.165991
2409 1.166525
2410 1.167065
2411 1.167474
2412 1.167225
2413 1.167030
2414 1.166632
2415 1.166175
2416 1.165024
2417 1.165422
2418 1.166193
2419 1.166086
2420 1.166377
2421 1.166110
2422 1.166413
2423 1.165505
2424 1.164751
2425 1.164354
2426 1.164401
2427 1.164852
2428 1.165226
2429 1.164698
2430 1.164929
2431 1.164573
2432 1.164918
2433 1.165232
2434 1.164894
2435 1.164318
2436 1.164544
2437 1.164158
2438 1.162634
2439 1.162901
2440 1.163162
2441 1.163173
2442 1.162438
2443 1.163571
2444 1.163820
2445 1.163648
2446 1.162663
2447 1.162562
2448 1.161287
2449 1.160308
2450 1.161376
2451 1.162438
2452 1.162094
2453 1.161500
2454 1.159970
2455 1.160421
2456 1.160676
2457 1.161945
2458 1.161934
2459 1.162930
2460 1.163179
2461 1.163612
2462 1.163968
2463 1.165161
2464 1.164188
2465 1.164805
2466 1.165285
2467 1.165339
2468 1.164010
2469 1.164888
2470 1.165440
2471 1.164698
2472 1.164686
2473 1.164152
2474 1.164781
2475 1.165813
2476 1.165279
2477 1.166442
2478 1.166780
2479 1.165772
2480 1.165398
2481 1.164710
2482 1.164657
2483 1.163144
2484 1.163429
2485 1.163612
2486 1.162634
2487 1.163340
2488 1.163565
2489 1.164520
2490 1.164603
2491 1.164490
2492 1.163256
2493 1.163440
2494 1.163162
2495 1.161595
2496 1.161489
2497 1.161833
2498 1.162278
2499 1.163690
2500 1.164342
2501 1.164858
2502 1.164763
2503 1.164746
2504 1.166122
2505 1.165600
2506 1.166745
2507 1.167030
2508 1.167617
2509 1.167154
2510 1.166751
2511 1.166187
2512 1.166335
2513 1.166650
2514 1.167000
2515 1.168424
2516 1.168863
2517 1.167724
2518 1.166941
2519 1.166003
2520 1.166003
2521 1.165493
2522 1.165600
2523 1.165018
2524 1.164639
2525 1.164740
2526 1.164538
2527 1.164253
2528 1.164722
2529 1.164544
2530 1.163595
2531 1.164407
2532 1.164781
2533 1.164467
2534 1.165564
2535 1.166080
2536 1.165796
2537 1.165475
2538 1.164502
2539 1.165054
2540 1.164508
2541 1.165428
2542 1.165695
2543 1.165256
2544 1.165202
2545 1.165618
2546 1.165250
2547 1.164912
2548 1.164295
2549 1.163974
2550 1.164419
2551 1.163927
2552 1.164146
2553 1.164716
2554 1.163897
2555 1.164188
2556 1.163642
2557 1.163553
2558 1.163322
2559 1.162663
2560 1.162325
2561 1.162794
2562 1.163470
2563 1.164425
2564 1.164728
2565 1.164526
2566 1.164686
2567 1.165078
2568 1.165042
2569 1.164384
2570 1.165012
2571 1.163488
2572 1.163802
2573 1.163102
2574 1.163820
2575 1.165991
2576 1.165879
2577 1.165582
2578 1.164781
2579 1.165902
2580 1.165582
2581 1.165416
2582 1.164490
2583 1.164028
2584 1.164906
2585 1.166300
2586 1.166318
2587 1.165760
2588 1.164864
2589 1.164484
2590 1.164425
2591 1.163767
2592 1.162770
2593 1.161696
2594 1.161477
2595 1.162278
2596 1.162645
2597 1.162117
2598 1.162094
2599 1.162812
2600 1.163025
2601 1.163322
2602 1.163185
2603 1.163939
2604 1.163334
2605 1.163482
2606 1.164550
2607 1.165202
2608 1.165291
2609 1.164716
2610 1.165232
2611 1.165036
2612 1.164639
2613 1.164639
2614 1.164467
2615 1.165333
2616 1.165902
2617 1.166009
2618 1.165950
2619 1.165363
2620 1.164775
2621 1.164597
2622 1.164995
2623 1.164425
2624 1.165457
2625 1.164740
2626 1.164057
2627 1.164016
2628 1.163601
2629 1.163678
2630 1.164413
2631 1.164063
2632 1.164372
2633 1.164639
2634 1.165499
2635 1.165303
2636 1.166324
2637 1.165849
2638 1.166264
2639 1.165730
2640 1.166122
2641 1.165351
2642 1.165161
2643 1.164941
2644 1.163790
2645 1.164194
2646 1.164573
2647 1.165398
2648 1.166650
2649 1.166217
2650 1.165736
2651 1.166935
2652 1.165036
2653 1.163642
2654 1.163559
2655 1.163345
2656 1.164769
2657 1.164686
2658 1.164722
2659 1.164651
2660 1.164989
2661 1.164188
2662 1.164419
2663 1.165446
2664 1.164971
2665 1.165060
2666 1.165321
2667 1.164419
2668 1.162895
2669 1.163049
2670 1.162663
2671 1.162586
2672 1.162088
2673 1.162248
2674 1.164105
2675 1.163144
2676 1.163790
2677 1.164585
2678 1.163737
2679 1.163458
2680 1.162990
2681 1.162794
2682 1.162017
2683 1.161578
2684 1.162123
2685 1.162515
2686 1.161934
2687 1.161044
2688 1.163013
2689 1.163832
2690 1.165339
2691 1.163672
2692 1.162960
2693 1.163156
2694 1.164384
2695 1.164840
2696 1.164514
2697 1.164152
2698 1.164016
2699 1.164609
2700 1.164473
2701 1.164223
2702 1.163773
2703 1.163013
2704 1.163114
2705 1.162853
2706 1.162592
2707 1.161690
2708 1.162218
2709 1.162592
2710 1.162639
2711 1.163417
2712 1.163334
2713 1.163310
2714 1.163541
2715 1.164490
2716 1.165208
2717 1.165653
2718 1.165368
2719 1.164627
2720 1.163850
2721 1.163939
2722 1.163535
2723 1.164674
2724 1.164710
2725 1.163820
2726 1.164146
2727 1.164769
2728 1.165333
2729 1.165196
2730 1.165594
2731 1.165374
2732 1.165641
2733 1.166092
2734 1.165879
2735 1.165517
2736 1.165724
2737 1.165813
2738 1.166264
2739 1.166057
2740 1.165368
2741 1.165143
2742 1.165125
2743 1.166223
2744 1.166442
2745 1.165054
2746 1.165179
2747 1.166347
2748 1.166881
2749 1.167035
2750 1.167409
2751 1.167492
2752 1.167819
2753 1.166929
2754 1.165357
2755 1.164823
2756 1.164496
2757 1.164520
2758 1.164396
2759 1.164799
2760 1.164289
2761 1.165357
2762 1.164526
2763 1.165368
2764 1.164662
2765 1.164728
2766 1.164390
2767 1.163589
2768 1.164467
2769 1.165309
2770 1.165962
2771 1.165867
2772 1.165446
2773 1.165890
2774 1.165540
2775 1.165327
2776 1.164384
2777 1.165012
2778 1.165084
2779 1.165363
2780 1.164585
2781 1.164811
2782 1.164597
2783 1.164763
2784 1.163078
2785 1.163357
2786 1.163417
2787 1.164087
2788 1.164146
2789 1.164099
2790 1.164840
2791 1.164514
2792 1.164959
2793 1.164935
2794 1.164247
2795 1.163589
2796 1.162533
2797 1.162153
2798 1.162841
2799 1.162616
2800 1.163897
2801 1.163375
2802 1.164212
2803 1.165315
2804 1.166021
2805 1.166383
2806 1.166596
2807 1.166436
2808 1.166982
2809 1.166703
2810 1.166359
2811 1.166537
2812 1.165600
2813 1.165564
2814 1.165208
2815 1.165469
2816 1.167006
2817 1.166448
2818 1.165386
2819 1.164846
2820 1.163743
2821 1.163826
2822 1.163737
2823 1.163108
2824 1.163624
2825 1.164247
2826 1.164692
2827 1.165149
2828 1.164585
2829 1.164817
2830 1.164188
2831 1.166140
2832 1.167249
2833 1.166484
2834 1.167967
2835 1.167943
2836 1.166513
2837 1.167338
2838 1.167124
2839 1.167356
2840 1.167931
2841 1.167961
2842 1.167783
2843 1.167320
2844 1.167119
2845 1.167208
2846 1.167492
2847 1.167836
2848 1.167587
2849 1.167771
2850 1.167516
2851 1.167558
2852 1.168441
2853 1.166703
2854 1.166650
2855 1.166680
2856 1.167409
2857 1.167611
2858 1.165695
2859 1.165440
2860 1.165101
2861 1.165398
2862 1.164401
2863 1.164419
2864 1.165374
2865 1.164342
2866 1.164443
2867 1.164728
2868 1.164906
2869 1.165683
2870 1.165718
2871 1.166602
2872 1.167314
2873 1.168139
2874 1.168940
2875 1.167925
2876 1.167884
2877 1.168050
2878 1.167024
2879 1.167943
2880 1.167747
2881 1.168115
2882 1.167694
2883 1.167967
2884 1.168406
2885 1.168833
2886 1.168086
2887 1.168827
2888 1.168673
2889 1.168625
2890 1.169515
2891 1.169569
2892 1.169225
2893 1.168791
2894 1.166235
2895 1.166318
2896 1.165950
2897 1.166905
2898 1.166685
2899 1.166840
2900 1.166567
2901 1.167071
2902 1.167652
2903 1.167991
2904 1.167635
2905 1.168305
2906 1.168578
2907 1.168317
2908 1.168086
2909 1.167736
2910 1.167119
2911 1.166709
2912 1.166199
2913 1.166644
2914 1.166353
2915 1.166881
2916 1.166555
2917 1.166638
2918 1.166163
2919 1.165689
2920 1.165321
2921 1.165012
2922 1.164621
2923 1.164953
2924 1.163654
2925 1.163345
2926 1.162942
2927 1.162450
2928 1.162284
2929 1.161969
2930 1.161993
2931 1.161364
2932 1.162497
2933 1.161868
2934 1.161572
2935 1.162046
2936 1.161453
2937 1.161150
2938 1.161079
2939 1.161874
2940 1.161803
2941 1.162574
2942 1.161797
2943 1.161595
2944 1.162568
2945 1.163167
2946 1.162711
2947 1.161868
2948 1.162918
2949 1.163429
2950 1.164728
2951 1.164633
2952 1.164929
2953 1.164603
2954 1.164265
2955 1.164390
2956 1.163838
2957 1.164289
2958 1.165707
2959 1.165339
2960 1.165072
2961 1.164870
2962 1.165208
2963 1.164763
2964 1.164965
2965 1.164805
2966 1.164977
2967 1.165511
2968 1.166252
2969 1.165908
2970 1.165119
2971 1.165505
2972 1.165457
2973 1.165849
2974 1.166952
2975 1.167397
2976 1.168394
2977 1.168465
2978 1.168014
2979 1.167801
2980 1.168667
2981 1.168596
2982 1.168477
2983 1.167890
2984 1.168388
2985 1.167095
2986 1.166223
2987 1.166086
2988 1.165879
2989 1.166063
2990 1.165131
2991 1.165671
2992 1.165594
2993 1.165048
2994 1.165339
2995 1.166347
2996 1.167113
2997 1.165689
2998 1.166970
2999 1.167391
3000 1.166982
