1 1.164016
2 1.150691
3 1.142303
4 1.135540
5 1.131031
6 1.126161
7 1.120756
8 1.115518
9 1.109876
10 1.104661
11 1.098622
12 1.093105
13 1.088590
14 1.083411
15 1.078451
16 1.073848
17 1.070763
18 1.067441
19 1.063525
20 1.060274
21 1.056893
22 1.053351
23 1.050782
24 1.048231
25 1.045882
26 1.043485
27 1.040857
28 1.038229
29 1.036111
30 1.033863
31 1.032439
32 1.031021
33 1.029283
34 1.027859
35 1.027444
36 1.025996
37 1.025112
38 1.024756
39 1.024685
40 1.023255
41 1.023208
42 1.023534
43 1.023356
44 1.023077
45 1.022069
46 1.021671
47 1.021482
48 1.021820
49 1.022122
50 1.022935
51 1.022846
52 1.023570
53 1.024489
54 1.025029
55 1.025593
56 1.025456
57 1.025777
58 1.026323
59 1.027740
60 1.028126
61 1.028713
62 1.030036
63 1.031033
64 1.032071
65 1.032919
66 1.034171
67 1.034812
68 1.035601
69 1.036811
70 1.037274
71 1.038959
72 1.040110
73 1.041314
74 1.042500
75 1.043995
76 1.045502
77 1.047110
78 1.047549
79 1.049536
80 1.051209
81 1.052740
82 1.053298
83 1.055303
84 1.056560
85 1.056958
86 1.058299
87 1.059218
88 1.061401
89 1.063169
90 1.063917
91 1.065590
92 1.066966
93 1.069315
94 1.070051
95 1.071267
96 1.072288
97 1.073379
98 1.073100
99 1.074133
100 1.076025
101 1.076411
102 1.078790
103 1.082082
104 1.083684
105 1.085203
106 1.086846
107 1.089373
108 1.091438
109 1.092820
110 1.094315
111 1.096563
112 1.098978
113 1.100147
114 1.100781
115 1.101137
116 1.102122
117 1.102792
118 1.103825
119 1.103795
120 1.103748
121 1.104347
122 1.106210
123 1.105848
124 1.106459
125 1.107532
126 1.108066
127 1.109674
128 1.110914
129 1.111359
130 1.112136
131 1.112338
132 1.114218
133 1.114924
134 1.114723
135 1.115808
136 1.117024
137 1.118033
138 1.118502
139 1.118668
140 1.119380
141 1.120916
142 1.121658
143 1.122660
144 1.123989
145 1.124998
146 1.125039
147 1.125425
148 1.125016
149 1.124606
150 1.125573
151 1.126783
152 1.127549
153 1.128688
154 1.129590
155 1.129886
156 1.132087
157 1.133463
158 1.133653
159 1.134656
160 1.134413
161 1.136133
162 1.136572
163 1.136590
164 1.137308
165 1.137990
166 1.138951
167 1.140120
168 1.141787
169 1.142481
170 1.142783
171 1.143329
172 1.143952
173 1.143525
174 1.143555
175 1.144278
176 1.145744
177 1.146485
178 1.148194
179 1.148277
180 1.148728
181 1.149374
182 1.148835
183 1.148781
184 1.149333
185 1.148740
186 1.148668
187 1.149404
188 1.149434
189 1.149813
190 1.149968
191 1.150211
192 1.151552
193 1.152210
194 1.152032
195 1.152240
196 1.152797
197 1.153569
198 1.154476
199 1.155105
200 1.156482
201 1.156950
202 1.156879
203 1.156760
204 1.155758
205 1.156618
206 1.157199
207 1.158291
208 1.157496
209 1.157164
210 1.156772
211 1.155621
212 1.156393
213 1.156547
214 1.156470
215 1.157164
216 1.157846
217 1.158932
218 1.160296
219 1.161447
220 1.161845
221 1.162794
222 1.162159
223 1.162058
224 1.162728
225 1.163470
226 1.163363
227 1.163897
228 1.162841
229 1.162337
230 1.161803
231 1.161939
232 1.162189
233 1.162770
234 1.165232
235 1.165274
236 1.165190
237 1.165012
238 1.164621
239 1.164935
240 1.164680
241 1.165540
242 1.165434
243 1.166674
244 1.167249
245 1.166893
246 1.167777
247 1.168780
248 1.169403
249 1.168697
250 1.168744
251 1.167925
252 1.168412
253 1.167385
254 1.167694
255 1.168091
256 1.168287
257 1.168358
258 1.170091
259 1.169711
260 1.169527
261 1.169094
262 1.168032
263 1.166359
264 1.166169
265 1.166051
266 1.166596
267 1.167694
268 1.167385
269 1.166674
270 1.165920
271 1.166092
272 1.165279
273 1.165190
274 1.165345
275 1.165902
276 1.166668
277 1.167219
278 1.167124
279 1.167409
280 1.168198
281 1.168394
282 1.168370
283 1.168240
284 1.168952
285 1.168691
286 1.168602
287 1.169248
288 1.169628
289 1.169207
290 1.170126
291 1.171040
292 1.170577
293 1.170257
294 1.170898
295 1.170660
296 1.170589
297 1.170340
298 1.170613
299 1.170257
300 1.170061
301 1.170464
302 1.169557
303 1.170233
304 1.170998
305 1.171248
306 1.170251
307 1.169812
308 1.168649
309 1.169871
310 1.169895
311 1.169966
312 1.168554
313 1.170097
314 1.170518
315 1.171052
316 1.171058
317 1.171971
318 1.172482
319 1.173626
320 1.174475
321 1.174516
322 1.175762
323 1.176533
324 1.175240
325 1.175922
326 1.174914
327 1.174421
328 1.175181
329 1.175999
330 1.176231
331 1.175323
332 1.176723
333 1.178076
334 1.178159
335 1.178782
336 1.178384
337 1.178242
338 1.178936
339 1.178402
340 1.177987
341 1.178242
342 1.177880
343 1.177809
344 1.176195
345 1.176937
346 1.177008
347 1.176652
348 1.176522
349 1.176100
350 1.175531
351 1.176166
352 1.174724
353 1.173733
354 1.174006
355 1.174671
356 1.175513
357 1.175495
358 1.175952
359 1.175460
360 1.175827
361 1.176652
362 1.175644
363 1.176729
364 1.176059
365 1.175139
366 1.175032
367 1.175572
368 1.176077
369 1.175946
370 1.174961
371 1.175305
372 1.175940
373 1.176836
374 1.177459
375 1.177026
376 1.176557
377 1.176231
378 1.175667
379 1.175733
380 1.176527
381 1.175964
382 1.175644
383 1.176094
384 1.175282
385 1.174688
386 1.174647
387 1.173965
388 1.173686
389 1.174095
390 1.173988
391 1.172938
392 1.173312
393 1.173668
394 1.173081
395 1.174119
396 1.175501
397 1.174777
398 1.175377
399 1.174238
400 1.174255
401 1.174000
402 1.174439
403 1.172962
404 1.172986
405 1.172197
406 1.171781
407 1.171853
408 1.172060
409 1.172701
410 1.173336
411 1.173081
412 1.173265
413 1.174065
414 1.174350
415 1.174350
416 1.174000
417 1.173757
418 1.172553
419 1.172149
420 1.171746
421 1.170838
422 1.170957
423 1.171603
424 1.171538
425 1.171906
426 1.171793
427 1.171906
428 1.172944
429 1.173365
430 1.173229
431 1.173543
432 1.172808
433 1.172559
434 1.171651
435 1.171787
436 1.171544
437 1.172517
438 1.172446
439 1.171704
440 1.172357
441 1.172007
442 1.172565
443 1.172416
444 1.172422
445 1.171728
446 1.171461
447 1.171609
448 1.172256
449 1.172398
450 1.171870
451 1.172108
452 1.172375
453 1.172001
454 1.172683
455 1.172398
456 1.172832
457 1.173164
458 1.173573
459 1.173959
460 1.174605
461 1.174694
462 1.174522
463 1.175092
464 1.173460
465 1.173615
466 1.173882
467 1.173271
468 1.173514
469 1.174149
470 1.174546
471 1.174255
472 1.174332
473 1.173816
474 1.174368
475 1.174665
476 1.173935
477 1.175068
478 1.174896
479 1.173745
480 1.174309
481 1.173721
482 1.173021
483 1.172250
484 1.172499
485 1.172410
486 1.173259
487 1.172042
488 1.172404
489 1.172760
490 1.175056
491 1.175709
492 1.174938
493 1.174837
494 1.174089
495 1.174238
496 1.175133
497 1.175139
498 1.174647
499 1.174825
500 1.175774
501 1.174617
502 1.174742
503 1.174534
504 1.174504
505 1.174955
506 1.174255
507 1.175151
508 1.175222
509 1.174855
510 1.174730
511 1.174054
512 1.174540
513 1.175655
514 1.176136
515 1.175139
516 1.175667
517 1.175483
518 1.175347
519 1.175620
520 1.177085
521 1.176213
522 1.176415
523 1.176308
524 1.177263
525 1.177874
526 1.178094
527 1.178129
528 1.177945
529 1.178011
530 1.178189
531 1.177892
532 1.178028
533 1.178046
534 1.178800
535 1.177352
536 1.177803
537 1.177975
538 1.178693
539 1.178728
540 1.179945
541 1.180686
542 1.180811
543 1.182134
544 1.182365
545 1.182650
546 1.182436
547 1.182003
548 1.181902
549 1.181285
550 1.180757
551 1.181523
552 1.181214
553 1.180698
554 1.179980
555 1.180995
556 1.180680
557 1.180502
558 1.181635
559 1.181974
560 1.181511
561 1.181671
562 1.181600
563 1.181428
564 1.181125
565 1.180479
566 1.179850
567 1.179695
568 1.178580
569 1.178634
570 1.178450
571 1.178556
572 1.178509
573 1.178598
574 1.178740
575 1.178396
576 1.178877
577 1.178740
578 1.178788
579 1.179298
580 1.179173
581 1.179820
582 1.180306
583 1.181113
584 1.181902
585 1.180882
586 1.181072
587 1.181351
588 1.181250
589 1.181564
590 1.181119
591 1.179529
592 1.180057
593 1.180787
594 1.179956
595 1.180840
596 1.181095
597 1.180609
598 1.180550
599 1.180182
600 1.179268
601 1.179737
602 1.179488
603 1.178675
604 1.177797
605 1.177613
606 1.176480
607 1.176266
608 1.175566
609 1.174718
610 1.174273
611 1.174967
612 1.174991
613 1.175175
614 1.175590
615 1.176925
616 1.177115
617 1.176688
618 1.177655
619 1.177026
620 1.176456
621 1.176676
622 1.176682
623 1.177115
624 1.179239
625 1.179286
626 1.178740
627 1.176806
628 1.176806
629 1.176806
630 1.176806
631 1.176806
632 1.176806
633 1.176806
634 1.176806
635 1.176806
636 1.176806
