1 1.138556
2 1.118117
3 1.106836
4 1.099565
5 1.094639
6 1.090403
7 1.086400
8 1.082266
9 1.078230
10 1.074115
11 1.069753
12 1.066087
13 1.062546
14 1.058301
15 1.054402
16 1.050961
17 1.048434
18 1.045254
19 1.042625
20 1.040598
21 1.038278
22 1.035765
23 1.034241
24 1.032580
25 1.030670
26 1.029538
27 1.027046
28 1.025862
29 1.024873
30 1.023200
31 1.022564
32 1.022542
33 1.022196
34 1.021693
35 1.021387
36 1.021391
37 1.020502
38 1.020573
39 1.020808
40 1.020855
41 1.020857
42 1.020198
43 1.020302
44 1.020278
45 1.020784
46 1.020682
47 1.021012
48 1.021230
49 1.021771
50 1.022519
51 1.023475
52 1.024590
53 1.025437
54 1.026629
55 1.027948
56 1.028525
57 1.029526
58 1.031166
59 1.032343
60 1.033354
61 1.035231
62 1.035973
63 1.036657
64 1.038320
65 1.039398
66 1.040625
67 1.041930
68 1.043546
69 1.044924
70 1.046170
71 1.047300
72 1.048498
73 1.050577
74 1.052390
75 1.053776
76 1.055786
77 1.057463
78 1.059267
79 1.060757
80 1.062326
81 1.063659
82 1.065365
83 1.066607
84 1.068505
85 1.069841
86 1.071063
87 1.072762
88 1.073958
89 1.075104
90 1.075916
91 1.076770
92 1.078358
93 1.079214
94 1.080220
95 1.080968
96 1.082831
97 1.084186
98 1.085878
99 1.086597
100 1.088469
101 1.089601
102 1.092107
103 1.093611
104 1.093611
105 1.093611
106 1.093611
107 1.093611
108 1.093611
109 1.093611
110 1.093611
111 1.093611
112 1.093611
113 1.093611
114 1.093611
115 1.093611
116 1.093611
117 1.093611
118 1.093611
119 1.093611
120 1.093611
121 1.093611
122 1.093611
123 1.093611
124 1.093611
125 1.093611
126 1.093611
127 1.093611
128 1.093611
129 1.093611
130 1.093611
131 1.093611
132 1.093611
133 1.093611
134 1.093611
135 1.093611
136 1.093611
137 1.093611
138 1.093611
139 1.093611
140 1.093611
141 1.093611
142 1.093611
143 1.093611
144 1.093611
145 1.093611
146 1.093611
147 1.093611
148 1.093611
149 1.093611
150 1.093611
151 1.093611
152 1.093611
153 1.093611
154 1.093611
155 1.093611
156 1.093611
157 1.093611
158 1.093611
159 1.093611
160 1.093611
161 1.093611
162 1.093611
163 1.093611
164 1.093611
165 1.093611
166 1.093611
167 1.093611
168 1.093611
169 1.093611
170 1.093611
171 1.093611
172 1.093611
173 1.093611
174 1.093611
175 1.093611
176 1.093611
177 1.093611
178 1.093611
179 1.093611
180 1.093611
181 1.093611
182 1.093611
183 1.093611
184 1.093611
185 1.093611
186 1.093611
187 1.093611
188 1.093611
189 1.093611
190 1.093611
191 1.093611
192 1.093611
193 1.093611
194 1.093611
195 1.093611
196 1.093611
197 1.093611
198 1.093611
199 1.093611
200 1.093611
201 1.093611
202 1.093611
203 1.093611
204 1.093611
205 1.093611
206 1.093611
207 1.093611
208 1.093611
209 1.093611
210 1.093611
211 1.093611
212 1.093611
213 1.093611
214 1.093611
215 1.093611
216 1.093611
217 1.093611
218 1.093611
219 1.093611
220 1.093611
221 1.093611
222 1.093611
223 1.093611
224 1.093611
225 1.093611
226 1.093611
227 1.093611
228 1.093611
229 1.093611
230 1.093611
231 1.093611
232 1.093611
233 1.093611
234 1.093611
235 1.093611
236 1.093611
237 1.093611
238 1.093611
239 1.093611
240 1.093611
241 1.093611
242 1.093611
243 1.093611
244 1.093611
245 1.093611
246 1.093611
247 1.093611
248 1.093611
249 1.093611
250 1.093611
251 1.093611
252 1.093611
253 1.093611
254 1.093611
255 1.093611
256 1.093611
257 1.093611
258 1.093611
259 1.093611
260 1.093611
261 1.093611
262 1.093611
263 1.093611
264 1.093611
265 1.093611
266 1.093611
267 1.093611
268 1.093611
269 1.093611
270 1.093611
271 1.093611
272 1.093611
273 1.093611
274 1.093611
275 1.093611
276 1.093611
277 1.093611
278 1.093611
279 1.093611
280 1.093611
281 1.093611
282 1.093611
283 1.093611
284 1.093611
285 1.093611
286 1.093611
287 1.093611
288 1.093611
289 1.093611
290 1.093611
291 1.093611
292 1.093611
293 1.093611
294 1.093611
295 1.093611
296 1.093611
297 1.093611
298 1.093611
299 1.093611
300 1.093611
301 1.093611
302 1.093611
303 1.093611
304 1.093611
305 1.093611
306 1.093611
307 1.093611
308 1.093611
309 1.093611
310 1.093611
311 1.093611
312 1.093611
313 1.093611
314 1.093611
315 1.093611
316 1.093611
317 1.093611
318 1.093611
319 1.093611
320 1.093611
321 1.093611
322 1.093611
323 1.093611
324 1.093611
325 1.093611
326 1.093611
327 1.093611
328 1.093611
329 1.093611
330 1.093611
331 1.093611
332 1.093611
333 1.093611
334 1.093611
335 1.093611
336 1.093611
337 1.093611
338 1.093611
339 1.093611
340 1.093611
341 1.093611
342 1.093611
343 1.093611
344 1.093611
345 1.093611
346 1.093611
347 1.093611
348 1.093611
349 1.093611
350 1.093611
351 1.093611
352 1.093611
353 1.093611
354 1.093611
355 1.093611
356 1.093611
357 1.093611
358 1.093611
359 1.093611
360 1.093611
361 1.093611
362 1.093611
363 1.093611
364 1.093611
365 1.093611
366 1.093611
367 1.093611
368 1.093611
369 1.093611
370 1.093611
371 1.093611
372 1.093611
373 1.093611
374 1.093611
375 1.093611
376 1.093611
377 1.093611
378 1.093611
379 1.093611
380 1.093611
381 1.093611
382 1.093611
383 1.093611
384 1.093611
385 1.093611
386 1.093611
387 1.093611
388 1.093611
389 1.093611
390 1.093611
391 1.093611
392 1.093611
393 1.093611
394 1.093611
395 1.093611
396 1.093611
397 1.093611
398 1.093611
399 1.093611
400 1.093611
401 1.093611
402 1.093611
403 1.093611
404 1.093611
405 1.093611
406 1.093611
407 1.093611
408 1.093611
409 1.093611
410 1.093611
411 1.093611
412 1.093611
413 1.093611
414 1.093611
415 1.093611
416 1.093611
417 1.093611
418 1.093611
419 1.093611
420 1.093611
421 1.093611
422 1.093611
423 1.093611
424 1.093611
425 1.093611
426 1.093611
427 1.093611
428 1.093611
429 1.093611
430 1.093611
431 1.093611
432 1.093611
433 1.093611
434 1.093611
435 1.093611
436 1.093611
437 1.093611
438 1.093611
439 1.093611
440 1.093611
441 1.093611
442 1.093611
443 1.093611
444 1.093611
445 1.093611
446 1.093611
447 1.093611
448 1.093611
449 1.093611
450 1.093611
451 1.093611
452 1.093611
453 1.093611
454 1.093611
455 1.093611
456 1.093611
457 1.093611
458 1.093611
459 1.093611
460 1.093611
461 1.093611
462 1.093611
463 1.093611
464 1.093611
465 1.093611
466 1.093611
467 1.093611
468 1.093611
469 1.093611
470 1.093611
471 1.093611
472 1.093611
473 1.093611
474 1.093611
475 1.093611
476 1.093611
477 1.093611
478 1.093611
479 1.093611
480 1.093611
481 1.093611
482 1.093611
483 1.093611
484 1.093611
485 1.093611
486 1.093611
487 1.093611
488 1.093611
489 1.093611
490 1.093611
491 1.093611
492 1.093611
493 1.093611
494 1.093611
495 1.093611
496 1.093611
497 1.093611
498 1.093611
499 1.093611
500 1.093611
501 1.093611
502 1.093611
503 1.093611
504 1.093611
505 1.093611
506 1.093611
507 1.093611
508 1.093611
509 1.093611
510 1.093611
511 1.093611
512 1.093611
513 1.093611
514 1.093611
515 1.093611
516 1.093611
517 1.093611
518 1.093611
519 1.093611
520 1.093611
521 1.093611
522 1.093611
523 1.093611
524 1.093611
525 1.093611
526 1.093611
527 1.093611
528 1.093611
529 1.093611
530 1.093611
531 1.093611
532 1.093611
533 1.093611
534 1.093611
535 1.093611
536 1.093611
537 1.093611
538 1.093611
539 1.093611
540 1.093611
541 1.093611
542 1.093611
543 1.093611
544 1.093611
545 1.093611
546 1.093611
547 1.093611
548 1.093611
549 1.093611
550 1.093611
551 1.093611
552 1.093611
553 1.093611
554 1.093611
555 1.093611
556 1.093611
557 1.093611
558 1.093611
559 1.093611
560 1.093611
561 1.093611
562 1.093611
563 1.093611
564 1.093611
565 1.093611
566 1.093611
567 1.093611
568 1.093611
569 1.093611
570 1.093611
571 1.093611
572 1.093611
573 1.093611
574 1.093611
575 1.093611
576 1.093611
577 1.093611
578 1.093611
579 1.093611
580 1.093611
581 1.093611
582 1.093611
583 1.093611
584 1.093611
585 1.093611
586 1.093611
587 1.093611
588 1.093611
589 1.093611
590 1.093611
591 1.093611
592 1.093611
593 1.093611
594 1.093611
595 1.093611
596 1.093611
597 1.093611
598 1.093611
599 1.093611
600 1.093611
601 1.093611
602 1.093611
603 1.093611
604 1.093611
605 1.093611
606 1.093611
607 1.093611
608 1.093611
609 1.093611
610 1.093611
611 1.093611
612 1.093611
613 1.093611
614 1.093611
615 1.093611
616 1.093611
617 1.093611
618 1.093611
619 1.093611
620 1.093611
621 1.093611
622 1.093611
623 1.093611
624 1.093611
625 1.093611
626 1.093611
627 1.093611
628 1.093611
629 1.093611
630 1.093611
631 1.093611
632 1.093611
633 1.093611
634 1.093611
635 1.093611
636 1.093611
637 1.093611
638 1.093611
639 1.093611
640 1.093611
641 1.093611
642 1.093611
643 1.093611
644 1.093611
645 1.093611
646 1.093611
647 1.093611
648 1.093611
649 1.093611
650 1.093611
651 1.093611
652 1.093611
653 1.093611
654 1.093611
655 1.093611
656 1.093611
657 1.093611
658 1.093611
659 1.093611
660 1.093611
661 1.093611
662 1.093611
663 1.093611
664 1.093611
665 1.093611
666 1.093611
667 1.093611
668 1.093611
669 1.093611
670 1.093611
671 1.093611
672 1.093611
673 1.093611
674 1.093611
675 1.093611
676 1.093611
677 1.093611
678 1.093611
679 1.093611
680 1.093611
681 1.093611
682 1.093611
683 1.093611
684 1.093611
685 1.093611
686 1.093611
687 1.093611
688 1.093611
689 1.093611
690 1.093611
691 1.093611
692 1.093611
693 1.093611
694 1.093611
695 1.093611
696 1.093611
697 1.093611
698 1.093611
699 1.093611
700 1.093611
701 1.093611
702 1.093611
703 1.093611
704 1.093611
705 1.093611
706 1.093611
707 1.093611
708 1.093611
709 1.093611
710 1.093611
711 1.093611
712 1.093611
713 1.093611
714 1.093611
715 1.093611
716 1.093611
717 1.093611
718 1.093611
719 1.093611
720 1.093611
721 1.093611
722 1.093611
723 1.093611
724 1.093611
725 1.093611
726 1.093611
727 1.093611
728 1.093611
729 1.093611
730 1.093611
731 1.093611
732 1.093611
733 1.093611
734 1.093611
735 1.093611
736 1.093611
737 1.093611
738 1.093611
739 1.093611
740 1.093611
741 1.093611
742 1.093611
743 1.093611
744 1.093611
745 1.093611
746 1.093611
747 1.093611
748 1.093611
749 1.093611
750 1.093611
751 1.093611
752 1.093611
753 1.093611
754 1.093611
755 1.093611
756 1.093611
757 1.093611
758 1.093611
759 1.093611
760 1.093611
761 1.093611
762 1.093611
763 1.093611
764 1.093611
765 1.093611
766 1.093611
767 1.093611
768 1.093611
769 1.093611
770 1.093611
771 1.093611
772 1.093611
773 1.093611
774 1.093611
775 1.093611
776 1.093611
777 1.093611
778 1.093611
779 1.093611
780 1.093611
781 1.093611
782 1.093611
783 1.093611
784 1.093611
785 1.093611
786 1.093611
787 1.093611
788 1.093611
789 1.093611
790 1.093611
791 1.093611
792 1.093611
793 1.093611
794 1.093611
795 1.093611
796 1.093611
797 1.093611
798 1.093611
799 1.093611
800 1.093611
801 1.093611
802 1.093611
803 1.093611
804 1.093611
805 1.093611
806 1.093611
807 1.093611
808 1.093611
809 1.093611
810 1.093611
811 1.093611
812 1.093611
813 1.093611
814 1.093611
815 1.093611
816 1.093611
817 1.093611
818 1.093611
819 1.093611
820 1.093611
821 1.093611
822 1.093611
823 1.093611
824 1.093611
825 1.093611
826 1.093611
827 1.093611
828 1.093611
829 1.093611
830 1.093611
831 1.093611
832 1.093611
833 1.093611
834 1.093611
835 1.093611
836 1.093611
837 1.093611
838 1.093611
839 1.093611
840 1.093611
841 1.093611
842 1.093611
843 1.093611
844 1.093611
845 1.093611
846 1.093611
847 1.093611
848 1.093611
849 1.093611
850 1.093611
851 1.093611
852 1.093611
853 1.093611
854 1.093611
855 1.093611
856 1.093611
857 1.093611
858 1.093611
859 1.093611
860 1.093611
861 1.093611
862 1.093611
863 1.093611
864 1.093611
865 1.093611
866 1.093611
867 1.093611
868 1.093611
869 1.093611
870 1.093611
871 1.093611
872 1.093611
873 1.093611
874 1.093611
875 1.093611
876 1.093611
877 1.093611
878 1.093611
879 1.093611
880 1.093611
881 1.093611
882 1.093611
883 1.093611
884 1.093611
885 1.093611
886 1.093611
887 1.093611
888 1.093611
889 1.093611
890 1.093611
891 1.093611
892 1.093611
893 1.093611
894 1.093611
895 1.093611
896 1.093611
897 1.093611
898 1.093611
899 1.093611
900 1.093611
901 1.093611
902 1.093611
903 1.093611
904 1.093611
905 1.093611
906 1.093611
907 1.093611
908 1.093611
909 1.093611
910 1.093611
911 1.093611
912 1.093611
913 1.093611
914 1.093611
915 1.093611
916 1.093611
917 1.093611
918 1.093611
919 1.093611
920 1.093611
921 1.093611
922 1.093611
923 1.093611
924 1.093611
925 1.093611
926 1.093611
927 1.093611
928 1.093611
929 1.093611
930 1.093611
931 1.093611
932 1.093611
933 1.093611
934 1.093611
935 1.093611
936 1.093611
937 1.093611
938 1.093611
939 1.093611
940 1.093611
941 1.093611
942 1.093611
943 1.093611
944 1.093611
945 1.093611
946 1.093611
947 1.093611
948 1.093611
949 1.093611
950 1.093611
951 1.093611
952 1.093611
953 1.093611
954 1.093611
955 1.093611
956 1.093611
957 1.093611
958 1.093611
959 1.093611
960 1.093611
961 1.093611
962 1.093611
963 1.093611
964 1.093611
965 1.093611
966 1.093611
967 1.093611
968 1.093611
969 1.093611
970 1.093611
971 1.093611
972 1.093611
973 1.093611
974 1.093611
975 1.093611
976 1.093611
977 1.093611
978 1.093611
979 1.093611
980 1.093611
981 1.093611
982 1.093611
983 1.093611
984 1.093611
985 1.093611
986 1.093611
987 1.093611
988 1.093611
989 1.093611
990 1.093611
991 1.093611
992 1.093611
993 1.093611
994 1.093611
995 1.093611
996 1.093611
997 1.093611
998 1.093611
999 1.093611
1000 1.093611
