1 1.138145
2 1.117823
3 1.106850
4 1.099551
5 1.094857
6 1.090360
7 1.086393
8 1.081825
9 1.077437
10 1.072983
11 1.068154
12 1.064051
13 1.060140
14 1.055378
15 1.050646
16 1.046892
17 1.043880
18 1.040311
19 1.037559
20 1.035055
21 1.031448
22 1.028513
23 1.026500
24 1.024984
25 1.023314
26 1.022253
27 1.020328
28 1.018772
29 1.017068
30 1.015319
31 1.014341
32 1.013406
33 1.012274
34 1.011166
35 1.010400
36 1.009401
37 1.008169
38 1.007740
39 1.006847
40 1.007519
41 1.007908
42 1.007849
43 1.007623
44 1.007768
45 1.008516
46 1.008912
47 1.009536
48 1.010286
49 1.011522
50 1.012092
51 1.012412
52 1.013549
53 1.014170
54 1.015103
55 1.015879
56 1.016572
57 1.017300
58 1.018321
59 1.019635
60 1.020914
61 1.021932
62 1.023743
63 1.024804
64 1.024963
65 1.026446
66 1.027265
67 1.028083
68 1.029683
69 1.030518
70 1.031360
71 1.032537
72 1.033688
73 1.035812
74 1.037734
75 1.039414
76 1.040523
77 1.042162
78 1.042952
79 1.044236
80 1.045876
81 1.047169
82 1.049402
83 1.051469
84 1.052580
85 1.054369
86 1.055921
87 1.057290
88 1.058591
89 1.060491
90 1.061991
91 1.062971
92 1.064338
93 1.065396
94 1.066951
95 1.067819
96 1.068944
97 1.070626
98 1.072079
99 1.073128
100 1.075168
101 1.076239
102 1.078125
103 1.079269
104 1.080163
105 1.081414
106 1.083308
107 1.084634
108 1.085313
109 1.086993
110 1.088766
111 1.089693
112 1.090863
113 1.092128
114 1.092629
115 1.094589
116 1.096136
117 1.097287
118 1.098813
119 1.100075
120 1.100877
121 1.101504
122 1.102961
123 1.103962
124 1.105246
125 1.105704
126 1.106603
127 1.107270
128 1.107543
129 1.107724
130 1.109057
131 1.110066
132 1.110512
133 1.110967
134 1.111743
135 1.112273
136 1.113253
137 1.113730
138 1.114700
139 1.116271
140 1.116898
141 1.118072
142 1.118430
143 1.119123
144 1.120189
145 1.120894
146 1.121008
147 1.121461
148 1.122574
149 1.123893
150 1.124444
151 1.124899
152 1.126164
153 1.127073
154 1.127773
155 1.128240
156 1.129107
157 1.129899
158 1.130471
159 1.130912
160 1.131048
161 1.132450
162 1.133179
163 1.133777
164 1.134104
165 1.134465
166 1.134790
167 1.135692
168 1.136107
169 1.136171
170 1.136178
171 1.136539
172 1.137336
173 1.137251
174 1.137818
175 1.138262
176 1.138950
177 1.139470
178 1.140027
179 1.140331
180 1.140794
181 1.141169
182 1.142296
183 1.142920
184 1.142585
185 1.143193
186 1.143480
187 1.143736
188 1.144550
189 1.145592
190 1.145765
191 1.146014
192 1.146558
193 1.146484
194 1.146062
195 1.146012
196 1.145877
197 1.145896
198 1.145950
199 1.146344
200 1.146484
201 1.146712
202 1.148266
203 1.148197
204 1.148594
205 1.148470
206 1.148587
207 1.149142
208 1.149023
209 1.149396
210 1.149877
211 1.149695
212 1.149771
213 1.150034
214 1.150867
215 1.151382
216 1.151560
217 1.151816
218 1.151536
219 1.151909
220 1.152851
221 1.152331
222 1.151842
223 1.152096
224 1.152770
225 1.153093
226 1.152813
227 1.152998
228 1.152765
229 1.153091
230 1.153672
231 1.154837
232 1.154529
233 1.154804
234 1.155100
235 1.155433
236 1.155461
237 1.156171
238 1.156363
239 1.156493
240 1.155717
241 1.156121
242 1.156102
243 1.156142
244 1.156320
245 1.156598
246 1.156493
247 1.156116
248 1.156491
249 1.157438
250 1.157979
251 1.157433
252 1.157469
253 1.157030
254 1.157554
255 1.157051
256 1.157566
257 1.158188
258 1.158997
259 1.159113
260 1.159348
261 1.159697
262 1.159934
263 1.159837
264 1.160532
265 1.160646
266 1.160705
267 1.160770
268 1.160406
269 1.160257
270 1.160442
271 1.159970
272 1.159756
273 1.160734
274 1.161007
275 1.161610
276 1.162478
277 1.162791
278 1.162462
279 1.162737
280 1.163601
281 1.164685
282 1.164749
283 1.165380
284 1.165786
285 1.166700
286 1.167357
287 1.167298
288 1.167554
289 1.167507
290 1.167535
291 1.167547
292 1.167855
293 1.167561
294 1.167770
295 1.167727
296 1.168078
297 1.168074
298 1.168320
299 1.168306
300 1.168197
301 1.168164
302 1.167300
303 1.166963
304 1.167528
305 1.167409
306 1.167281
307 1.167628
308 1.168330
309 1.168807
310 1.169165
311 1.169258
312 1.169452
313 1.169391
314 1.169445
315 1.169443
316 1.169554
317 1.169690
318 1.169815
319 1.169906
320 1.170404
321 1.169806
322 1.169887
323 1.169880
324 1.169640
325 1.169448
326 1.169497
327 1.169863
328 1.169801
329 1.169967
330 1.169393
331 1.170081
332 1.170307
333 1.170881
334 1.171016
335 1.171334
336 1.171631
337 1.170689
338 1.170501
339 1.171168
340 1.171529
341 1.171600
342 1.171562
343 1.170746
344 1.171377
345 1.170466
346 1.171163
347 1.171379
348 1.170784
349 1.170786
350 1.170582
351 1.170197
352 1.169716
353 1.170157
354 1.170010
355 1.169505
356 1.169607
357 1.170594
358 1.170618
359 1.170981
360 1.171507
361 1.171042
362 1.170682
363 1.170150
364 1.170278
365 1.170366
366 1.170603
367 1.171477
368 1.171799
369 1.171994
370 1.171830
371 1.171462
372 1.171719
373 1.172388
374 1.171823
375 1.172378
376 1.172293
377 1.171932
378 1.172355
379 1.172523
380 1.172288
381 1.171861
382 1.172041
383 1.171946
384 1.172094
385 1.172127
386 1.172381
387 1.172271
388 1.172960
389 1.172706
390 1.172317
391 1.172041
392 1.172566
393 1.172340
394 1.172805
395 1.173062
396 1.172597
397 1.172174
398 1.172222
399 1.173145
400 1.173254
401 1.173147
402 1.173133
403 1.172815
404 1.172903
405 1.173826
406 1.173532
407 1.173337
408 1.174004
409 1.174096
410 1.174654
411 1.175197
412 1.175494
413 1.175240
414 1.175062
415 1.175162
416 1.174478
417 1.174070
418 1.174490
419 1.175266
420 1.175762
421 1.175480
422 1.175269
423 1.175392
424 1.175041
425 1.175544
426 1.175285
427 1.175475
428 1.175233
429 1.175532
430 1.174870
431 1.175454
432 1.175525
433 1.175767
434 1.176270
435 1.175572
436 1.175935
437 1.175368
438 1.175900
439 1.176602
440 1.176664
441 1.176671
442 1.176251
443 1.176586
444 1.176771
445 1.176889
446 1.176557
447 1.176840
448 1.176446
449 1.177032
450 1.176837
451 1.176873
452 1.176683
453 1.177409
454 1.176847
455 1.177179
456 1.176443
457 1.177015
458 1.176393
459 1.176389
460 1.176517
461 1.176355
462 1.175992
463 1.176548
464 1.176975
465 1.177525
466 1.178491
467 1.177737
468 1.178415
469 1.177540
470 1.176982
471 1.176662
472 1.176894
473 1.177219
474 1.176920
475 1.177198
476 1.176711
477 1.176467
478 1.176083
479 1.176016
480 1.176211
481 1.176441
482 1.176467
483 1.176448
484 1.176918
485 1.176595
486 1.176560
487 1.176621
488 1.176512
489 1.176889
490 1.176460
491 1.176593
492 1.176453
493 1.176588
494 1.176797
495 1.177620
496 1.177494
497 1.177615
498 1.177611
499 1.177782
500 1.178076
501 1.177914
502 1.177578
503 1.177672
504 1.178145
505 1.178308
506 1.177585
507 1.177789
508 1.177952
509 1.177737
510 1.177528
511 1.177646
512 1.177796
513 1.177677
514 1.177241
515 1.177739
516 1.178019
517 1.178159
518 1.178401
519 1.178987
520 1.178992
521 1.178460
522 1.178667
523 1.177988
524 1.177326
525 1.177307
526 1.177812
527 1.177805
528 1.177592
529 1.177675
530 1.177376
531 1.177836
532 1.177817
533 1.178211
534 1.178923
535 1.179118
536 1.179386
537 1.178736
538 1.177907
539 1.177459
540 1.177649
541 1.177219
542 1.177148
543 1.176813
544 1.177122
545 1.176308
546 1.175805
547 1.175935
548 1.176560
549 1.176484
550 1.176419
551 1.176263
552 1.176500
553 1.176166
554 1.175980
555 1.176014
556 1.176037
557 1.176175
558 1.175850
559 1.175565
560 1.175603
561 1.175525
562 1.175629
563 1.175983
564 1.176543
565 1.176638
566 1.177214
567 1.177321
568 1.177404
569 1.177430
570 1.177751
571 1.177497
572 1.177941
573 1.177684
574 1.177077
575 1.177157
576 1.177082
577 1.177419
578 1.177025
579 1.177907
580 1.178135
581 1.178323
582 1.178607
583 1.178475
584 1.178458
585 1.178707
586 1.178641
587 1.178807
588 1.178472
589 1.177941
590 1.177672
591 1.177760
592 1.178415
593 1.178057
594 1.178323
595 1.178441
596 1.177411
597 1.177494
598 1.177217
599 1.177248
600 1.176654
601 1.177411
602 1.177435
603 1.177580
604 1.177245
605 1.177687
606 1.177917
607 1.178517
608 1.178726
609 1.178956
610 1.178719
611 1.178781
612 1.179687
613 1.180036
614 1.179901
615 1.178657
616 1.178683
617 1.178752
618 1.178543
619 1.177903
620 1.178270
621 1.178463
622 1.178643
623 1.179243
624 1.179654
625 1.179419
626 1.179248
627 1.179274
628 1.179011
629 1.179096
630 1.179208
631 1.179201
632 1.179348
633 1.179680
634 1.179592
635 1.179977
636 1.179644
637 1.179122
638 1.179118
639 1.178774
640 1.179042
641 1.178327
642 1.178346
643 1.177760
644 1.177428
645 1.177886
646 1.177820
647 1.177993
648 1.177822
649 1.178399
650 1.178187
651 1.178418
652 1.178612
653 1.178807
654 1.179080
655 1.179013
656 1.179056
657 1.179239
658 1.178833
659 1.178612
660 1.177995
661 1.177836
662 1.178268
663 1.177874
664 1.178437
665 1.179545
666 1.179623
667 1.179521
668 1.179756
669 1.179758
670 1.180152
671 1.180117
672 1.180579
673 1.180380
674 1.180767
675 1.180819
676 1.181016
677 1.180712
678 1.179844
679 1.179898
680 1.179526
681 1.179635
682 1.179730
683 1.180166
684 1.179616
685 1.179096
686 1.179324
687 1.179343
688 1.179799
689 1.179483
690 1.179080
691 1.179274
692 1.178501
693 1.178940
694 1.178289
695 1.177824
696 1.177931
697 1.178510
698 1.178242
699 1.178705
700 1.178275
701 1.178116
702 1.178484
703 1.178085
704 1.178031
705 1.178444
706 1.179051
707 1.179633
708 1.179713
709 1.179243
710 1.179288
711 1.179364
712 1.178631
713 1.178930
714 1.178534
715 1.178880
716 1.178989
717 1.178885
718 1.178852
719 1.178852
720 1.178852
