1 1.162248
2 1.149600
3 1.140120
4 1.132597
5 1.127104
6 1.122251
7 1.118276
8 1.114029
9 1.109449
10 1.104845
11 1.101606
12 1.096302
13 1.091758
14 1.088329
15 1.084105
16 1.081091
17 1.077235
18 1.074447
19 1.070579
20 1.066652
21 1.062345
22 1.059390
23 1.057919
24 1.056151
25 1.052912
26 1.051476
27 1.049898
28 1.048676
29 1.046635
30 1.045164
31 1.042245
32 1.042364
33 1.039967
34 1.038496
35 1.038721
36 1.037357
37 1.036977
38 1.036609
39 1.034806
40 1.033252
41 1.032753
42 1.033133
43 1.034165
44 1.034901
45 1.035387
46 1.036170
47 1.036740
48 1.035435
49 1.034865
50 1.034687
51 1.034735
52 1.036076
53 1.035886
54 1.035209
55 1.037001
56 1.038199
57 1.039160
58 1.040703
59 1.040703
60 1.040715
61 1.041296
62 1.042542
63 1.044440
64 1.046790
65 1.048617
66 1.049602
67 1.050432
68 1.052603
69 1.053232
70 1.054882
71 1.057017
72 1.057148
73 1.058666
74 1.059473
75 1.060280
76 1.061051
77 1.062273
78 1.063424
79 1.064468
80 1.065109
81 1.067470
82 1.068977
83 1.070579
84 1.071469
85 1.073581
86 1.074281
87 1.076428
88 1.075978
89 1.079371
90 1.080676
91 1.082895
92 1.084734
93 1.085137
94 1.086407
95 1.087570
96 1.088543
97 1.090370
98 1.091841
99 1.092933
100 1.094048
101 1.096516
102 1.097596
103 1.098272
104 1.099043
105 1.100277
106 1.101357
107 1.103243
108 1.103718
109 1.103730
110 1.104287
111 1.105498
112 1.107052
113 1.107847
114 1.109188
115 1.110244
116 1.112427
117 1.114871
118 1.116461
119 1.117280
120 1.119024
121 1.119439
122 1.119190
123 1.118371
124 1.120661
125 1.121527
126 1.122951
127 1.122429
128 1.123010
129 1.124066
130 1.126605
131 1.127851
132 1.129560
133 1.131648
134 1.133096
135 1.135065
136 1.136240
137 1.138103
138 1.139942
139 1.140108
140 1.140618
141 1.141591
142 1.141306
143 1.142291
144 1.143489
145 1.143252
146 1.145376
147 1.147251
148 1.147559
149 1.147868
150 1.148734
151 1.149885
152 1.149742
153 1.149505
154 1.149719
155 1.150941
156 1.150620
157 1.152483
158 1.153266
159 1.152768
160 1.152697
161 1.154227
162 1.156434
163 1.156576
164 1.157466
165 1.158499
166 1.160456
167 1.160551
168 1.160350
169 1.160705
170 1.160433
171 1.161536
172 1.161619
173 1.162307
174 1.164514
175 1.165724
176 1.166353
177 1.166567
178 1.166092
179 1.166460
180 1.165404
181 1.165214
182 1.164360
183 1.164870
184 1.164775
185 1.166496
186 1.166721
187 1.166769
188 1.168762
189 1.167172
190 1.167575
191 1.167184
192 1.167172
193 1.167753
194 1.167801
195 1.168121
196 1.168501
197 1.170079
198 1.169319
199 1.170696
200 1.171538
201 1.172535
202 1.173259
203 1.172950
204 1.173140
205 1.174327
206 1.173959
207 1.174754
208 1.174801
209 1.174884
210 1.171431
211 1.171764
212 1.172665
213 1.173532
214 1.172891
215 1.172938
216 1.172879
217 1.175157
218 1.176035
219 1.175738
220 1.175157
221 1.175881
222 1.175845
223 1.175110
224 1.176605
225 1.177032
226 1.177922
227 1.178645
228 1.179879
229 1.180057
230 1.180318
231 1.180496
232 1.181113
233 1.181279
234 1.181718
235 1.181718
236 1.182169
237 1.182181
238 1.180840
239 1.181196
240 1.182941
241 1.184032
242 1.184186
243 1.184080
244 1.184530
245 1.184637
246 1.183178
247 1.182537
248 1.181671
249 1.181517
250 1.182454
251 1.183415
252 1.182786
253 1.180567
254 1.180235
255 1.181576
256 1.181268
257 1.180567
258 1.181623
259 1.181873
260 1.181469
261 1.182561
262 1.182952
263 1.184602
264 1.184969
265 1.185219
266 1.184780
267 1.184317
268 1.184281
269 1.185207
270 1.184649
271 1.184530
272 1.183676
273 1.182786
274 1.182146
275 1.182347
276 1.182763
277 1.183735
278 1.184056
279 1.183249
280 1.182585
281 1.181647
282 1.183356
283 1.183617
284 1.185136
285 1.186120
286 1.186358
287 1.187093
288 1.186951
289 1.186488
290 1.187022
291 1.187449
292 1.186547
293 1.186536
294 1.186049
295 1.187556
296 1.187212
297 1.186595
298 1.186488
299 1.187319
300 1.187829
301 1.188042
302 1.187141
303 1.186820
304 1.187259
305 1.187948
306 1.187758
307 1.187544
308 1.188588
309 1.187354
310 1.186144
311 1.186536
312 1.186702
313 1.187402
314 1.187948
315 1.188185
316 1.189490
317 1.188612
318 1.189585
319 1.189775
320 1.189692
321 1.190546
322 1.190178
323 1.192349
324 1.192065
325 1.193239
326 1.193002
327 1.192966
328 1.193263
329 1.192777
330 1.192005
331 1.190997
332 1.191080
333 1.189478
334 1.188707
335 1.189087
336 1.190570
337 1.191080
338 1.191448
339 1.191234
340 1.190356
341 1.190807
342 1.190985
343 1.191922
344 1.191756
345 1.191827
346 1.192255
347 1.192966
348 1.193607
349 1.194189
350 1.193797
351 1.194283
352 1.195019
353 1.195517
354 1.194995
355 1.193856
356 1.194711
357 1.194521
358 1.196739
359 1.195909
360 1.195102
361 1.193026
362 1.192872
363 1.193382
364 1.193156
365 1.192824
366 1.193595
367 1.193607
368 1.193797
369 1.194094
370 1.193916
371 1.193488
372 1.193394
373 1.194343
374 1.195731
375 1.196609
376 1.196763
377 1.197440
378 1.196823
379 1.197321
380 1.197795
381 1.198211
382 1.199231
383 1.198472
384 1.197701
385 1.198662
386 1.198318
387 1.197523
388 1.197262
389 1.196716
390 1.193916
391 1.195280
392 1.194212
393 1.195078
394 1.195316
395 1.195660
396 1.194580
397 1.195114
398 1.196182
399 1.195838
400 1.197107
401 1.196241
402 1.197950
403 1.198270
404 1.197285
405 1.197048
406 1.196514
407 1.196300
408 1.197499
409 1.196360
410 1.194200
411 1.194355
412 1.193797
413 1.193951
414 1.193144
415 1.193251
416 1.193144
417 1.192919
418 1.192255
419 1.192836
420 1.194877
421 1.195802
422 1.194734
423 1.192468
424 1.190961
425 1.190831
426 1.192160
427 1.192717
428 1.193726
429 1.193856
430 1.195126
431 1.194343
432 1.195055
433 1.195434
434 1.195411
435 1.194995
436 1.194283
437 1.195031
438 1.193690
439 1.193904
440 1.193370
441 1.193916
442 1.193263
443 1.193370
444 1.193109
445 1.193049
446 1.193014
447 1.193216
448 1.193927
449 1.193488
450 1.195150
451 1.194699
452 1.196016
453 1.196799
454 1.197167
455 1.196645
456 1.196063
457 1.194675
458 1.196146
459 1.196763
460 1.197606
461 1.197606
462 1.196182
463 1.196478
464 1.197487
465 1.195814
466 1.195672
467 1.194865
468 1.196763
469 1.198199
470 1.197440
471 1.197214
472 1.197938
473 1.198151
474 1.197641
475 1.197582
476 1.197178
477 1.196407
478 1.196194
479 1.196123
480 1.196834
481 1.197653
482 1.198092
483 1.196360
484 1.195743
485 1.195850
486 1.196324
487 1.195067
488 1.195719
489 1.195363
490 1.195280
491 1.195339
492 1.195933
493 1.196823
494 1.196680
495 1.196075
496 1.194758
497 1.193073
498 1.194473
499 1.193726
500 1.194105
