1 1.162248
2 1.149600
3 1.140120
4 1.132597
5 1.127104
6 1.122251
7 1.118276
8 1.114029
9 1.109437
10 1.104833
11 1.101594
12 1.096290
13 1.091746
14 1.088317
15 1.084105
16 1.081079
17 1.077223
18 1.074435
19 1.070567
20 1.066640
21 1.062333
22 1.059378
23 1.057966
24 1.056519
25 1.053137
26 1.051488
27 1.049839
28 1.048439
29 1.046956
30 1.045378
31 1.042506
32 1.043111
33 1.040988
34 1.039410
35 1.038757
36 1.037630
37 1.037037
38 1.036289
39 1.035470
40 1.034035
41 1.033833
42 1.034948
43 1.035482
44 1.035150
45 1.034794
46 1.035103
47 1.035648
48 1.035755
49 1.035459
50 1.035423
51 1.035316
52 1.035316
53 1.035862
54 1.035672
55 1.036799
56 1.038460
57 1.039849
58 1.039730
59 1.040027
60 1.041545
61 1.042269
62 1.044334
63 1.043812
64 1.043337
65 1.046256
66 1.049151
67 1.051547
68 1.052093
69 1.052556
70 1.053529
71 1.055321
72 1.055653
73 1.056139
74 1.058061
75 1.059319
76 1.061478
77 1.063507
78 1.065418
79 1.065975
80 1.067553
81 1.066913
82 1.070294
83 1.073450
84 1.073616
85 1.073486
86 1.073901
87 1.074993
88 1.075800
89 1.078101
90 1.079810
91 1.081435
92 1.082444
93 1.085208
94 1.086692
95 1.088282
96 1.089100
97 1.090560
98 1.091936
99 1.093811
100 1.095946
101 1.097251
102 1.097999
103 1.099174
104 1.100835
105 1.102650
106 1.101843
107 1.103682
108 1.105035
109 1.107206
110 1.109674
111 1.111667
112 1.112178
113 1.113993
114 1.114551
115 1.113791
116 1.113803
117 1.115203
118 1.116888
119 1.117695
120 1.120720
121 1.121883
122 1.122073
123 1.121753
124 1.123877
125 1.124743
126 1.126202
127 1.126321
128 1.128765
129 1.129548
130 1.129548
131 1.129916
132 1.131684
133 1.132585
134 1.133819
135 1.136572
136 1.137284
137 1.137948
138 1.138803
139 1.140796
140 1.141674
141 1.141816
142 1.143145
143 1.142564
144 1.142279
145 1.141330
146 1.140713
147 1.141057
148 1.142896
149 1.142789
150 1.143311
151 1.143798
152 1.145328
153 1.146527
154 1.147951
155 1.149078
156 1.149434
157 1.150858
158 1.150810
159 1.152080
160 1.153041
161 1.153978
162 1.154820
163 1.156600
164 1.156861
165 1.156992
166 1.156161
167 1.156802
168 1.154844
169 1.155580
170 1.157478
171 1.159768
172 1.159911
173 1.161797
174 1.162295
175 1.162782
176 1.163790
177 1.163553
178 1.162556
179 1.164146
180 1.163755
181 1.164835
182 1.165713
183 1.165997
184 1.165760
185 1.165689
186 1.167030
187 1.167706
188 1.168418
189 1.169604
190 1.170245
191 1.171194
192 1.171823
193 1.171491
194 1.172594
195 1.171657
196 1.173211
197 1.172665
198 1.173033
199 1.172606
200 1.173899
201 1.174576
202 1.173757
203 1.175786
204 1.176569
205 1.176806
206 1.175264
207 1.175098
208 1.175584
209 1.176889
210 1.177055
211 1.176379
212 1.178491
213 1.178195
214 1.177625
215 1.177708
216 1.178693
217 1.177637
218 1.176889
219 1.177032
220 1.177435
221 1.177162
222 1.176308
223 1.177281
224 1.177020
225 1.176581
226 1.176533
227 1.178123
228 1.179286
229 1.178800
230 1.179061
231 1.179250
232 1.179357
233 1.179286
234 1.180496
235 1.182134
236 1.182359
237 1.181386
238 1.181078
239 1.182229
240 1.184234
241 1.183522
242 1.183000
243 1.182715
244 1.183107
245 1.182146
246 1.181054
247 1.180615
248 1.180496
249 1.179606
250 1.181078
251 1.182240
252 1.182501
253 1.182644
254 1.182774
255 1.183356
256 1.183166
257 1.183332
258 1.183213
259 1.183308
260 1.182383
261 1.182086
262 1.181956
263 1.183641
264 1.184246
265 1.185302
266 1.185800
267 1.186239
268 1.185586
269 1.185290
270 1.186334
271 1.187093
272 1.186239
273 1.186583
274 1.186844
275 1.188042
276 1.186512
277 1.187568
278 1.186714
279 1.186132
280 1.185397
281 1.185432
282 1.185788
283 1.185385
284 1.185088
285 1.184530
286 1.184685
287 1.185586
288 1.184969
289 1.185705
290 1.185420
291 1.185836
292 1.186975
293 1.187129
294 1.186975
295 1.186358
296 1.188007
297 1.187331
298 1.189312
299 1.190332
300 1.191388
301 1.191199
302 1.190131
303 1.188600
304 1.188778
305 1.188802
306 1.191009
307 1.190795
308 1.190522
309 1.190712
310 1.193038
311 1.192551
312 1.191661
313 1.193239
314 1.193690
315 1.192124
316 1.192551
317 1.193121
318 1.193192
319 1.193180
320 1.192148
321 1.193085
322 1.193607
323 1.193002
324 1