1 1.138328
2 1.117641
3 1.106595
4 1.098634
5 1.094920
6 1.089806
7 1.085137
8 1.081068
9 1.076161
10 1.071493
11 1.066895
12 1.062024
13 1.058868
14 1.054573
15 1.050972
16 1.047454
17 1.045218
18 1.041391
19 1.038822
20 1.036242
21 1.033495
22 1.030096
23 1.028328
24 1.026245
25 1.024323
26 1.022366
27 1.020740
28 1.019352
29 1.018088
30 1.018379
31 1.016997
32 1.016409
33 1.014897
34 1.012814
35 1.011812
36 1.011628
37 1.011782
38 1.011859
39 1.011675
40 1.010827
41 1.010441
42 1.011094
43 1.012132
44 1.011147
45 1.010388
46 1.010239
47 1.010501
48 1.009717
49 1.010862
50 1.010892
51 1.012796
52 1.014167
53 1.013835
54 1.013544
55 1.014078
56 1.014980
57 1.015721
58 1.016231
59 1.017732
60 1.017898
61 1.019186
62 1.021232
63 1.022941
64 1.024768
65 1.026945
66 1.028909
67 1.030422
68 1.031003
69 1.031614
70 1.033264
71 1.034361
72 1.036639
73 1.038662
74 1.041705
75 1.043634
76 1.044713
77 1.046635
78 1.047460
79 1.048534
80 1.050183
81 1.051387
82 1.052663
83 1.054810
84 1.055653
85 1.056982
86 1.057628
87 1.059521
88 1.060553
89 1.062398
90 1.064006
91 1.066521
92 1.067156
93 1.069701
94 1.071030
95 1.072887
96 1.074678
97 1.075912
98 1.078214
99 1.079128
100 1.081447
101 1.082438
102 1.083274
103 1.083298
104 1.084408
105 1.085422
106 1.086526
107 1.087297
108 1.088044
109 1.090144
110 1.091722
111 1.092879
112 1.093372
113 1.093484
114 1.094789
115 1.094784
116 1.096338
117 1.097305
118 1.098592
119 1.099019
120 1.100603
121 1.101980
122 1.103320
123 1.104548
124 1.105747
125 1.107900
126 1.108761
127 1.108820
128 1.110190
129 1.110807
130 1.112480
131 1.113833
132 1.113791
133 1.115019
134 1.114865
135 1.115832
136 1.116176
137 1.116550
138 1.117588
139 1.119641
140 1.120904
141 1.121076
142 1.121557
143 1.122008
144 1.122571
145 1.124357
146 1.124849
147 1.126416
148 1.128379
149 1.129156
150 1.131132
151 1.131120
152 1.130112
153 1.130800
154 1.130064
155 1.131150
156 1.131986
157 1.134057
158 1.134893
159 1.133582
160 1.133808
161 1.133635
162 1.136673
163 1.137070
164 1.137064
165 1.137153
166 1.137806
167 1.138097
168 1.138690
169 1.138993
170 1.139242
171 1.139562
172 1.140043
173 1.140043
174 1.139734
175 1.139817
176 1.140132
177 1.141128
178 1.141502
179 1.141698
180 1.141650
181 1.142605
182 1.142724
183 1.143756
184 1.144925
185 1.145548
186 1.146224
187 1.146248
188 1.146990
189 1.146545
190 1.147684
191 1.147280
192 1.147179
193 1.147251
194 1.147962
195 1.148129
196 1.149404
197 1.149689
198 1.150003
199 1.151825
200 1.152566
201 1.153397
202 1.153984
203 1.153450
204 1.153628
205 1.155064
206 1.154957
207 1.155230
208 1.155657
209 1.156132
210 1.155663
211 1.156843
212 1.157365
213 1.157935
214 1.158054
215 1.158421
216 1.158006
217 1.158398
218 1.157745
219 1.158890
220 1.159157
221 1.158783
222 1.159193
223 1.159383
224 1.160124
225 1.160664
226 1.159222
227 1.159365
228 1.159685
229 1.160444
230 1.160474
231 1.161204
232 1.161186
233 1.160872
234 1.160848
235 1.161560
236 1.160961
237 1.161554
238 1.162728
239 1.163334
240 1.162942
241 1.163061
242 1.163423
243 1.164051
244 1.164704
245 1.164206
246 1.162806
247 1.163102
248 1.162657
249 1.162628
250 1.162723
251 1.164057
252 1.164016
253 1.165185
254 1.164520
255 1.162764
256 1.162550
257 1.163452
258 1.163334
259 1.164597
260 1.163405
261 1.162556
262 1.162129
263 1.162040
264 1.161773
265 1.161880
266 1.162307
267 1.161584
268 1.160972
269 1.162966
270 1.163571
271 1.163132
272 1.163933
273 1.163423
274 1.165066
275 1.166193
276 1.165707
277 1.165671
278 1.166935
279 1.167065
280 1.166970
281 1.166656
282 1.166448
283 1.167569
284 1.168086
285 1.168186
286 1.168447
287 1.168228
288 1.169023
289 1.169070
290 1.169770
291 1.169687
292 1.169509
293 1.169064
294 1.170002
295 1.169824
296 1.168774
297 1.169058
298 1.168827
299 1.169687
300 1.169420
301 1.169545
302 1.169735
303 1.169616
304 1.169978
305 1.170120
306 1.170340
307 1.169883
308 1.169658
309 1.169847
310 1.169681
311 1.169687
312 1.170174
313 1.171248
314 1.170079
315 1.170868
316 1.171776
317 1.170310
318 1.169824
319 1.169616
320 1.168999
321 1.169290
322 1.170132
323 1.171603
324 1.171930
325 1.171603
326 1.172019
327 1.172363
328 1.172588
329 1.171176
330 1.172452
331 1.172784
332 1.172879
333 1.172826
334 1.173573
335 1.173484
336 1.172766
337 1.172286
338 1.170678
339 1.170619
340 1.170079
341 1.169871
342 1.170328
343 1.170672
344 1.171473
345 1.172321
346 1.171841
347 1.173247
348 1.172820
349 1.172333
350 1.172114
351 1.172410
352 1.172173
353 1.171123
354 1.171437
355 1.172084
356 1.172760
357 1.172897
358 1.172944
359 1.173377
360 1.172541
361 1.172499
362 1.171704
363 1.171900
364 1.172357
365 1.173567
366 1.174024
367 1.174243
368 1.174238
369 1.174884
370 1.174736
371 1.174671
372 1.176421
373 1.177720
374 1.176830
375 1.176421
376 1.175667
377 1.176765
378 1.177477
379 1.176646
380 1.176112
381 1.175697
382 1.176189
383 1.175869
384 1.176112
385 1.176243
386 1.175377
387 1.175228
388 1.175424
389 1.176527
390 1.177263
391 1.177061
392 1.177750
393 1.177827
394 1.177684
395 1.177607
396 1.177328
397 1.176444
398 1.176557
399 1.176124
400 1.175335
401 1.175893
402 1.175282
403 1.175626
404 1.176017
405 1.175999
406 1.176361
407 1.175513
408 1.175477
409 1.175549
410 1.176005
411 1.176326
412 1.176338
413 1.176907
414 1.176593
415 1.176889
416 1.177506
417 1.176391
418 1.176812
419 1.175691
420 1.175869
421 1.176622
422 1.176207
423 1.176385
424 1.176700
425 1.176201
426 1.176771
427 1.176824
428 1.176575
429 1.176966
430 1.175958
431 1.177228
432 1.177892
433 1.176664
434 1.175976
435 1.175857
436 1.177061
437 1.175507
438 1.174623
439 1.174546
440 1.174018
441 1.173116
442 1.174190
443 1.175027
444 1.176616
445 1.176652
446 1.177631
447 1.177067
448 1.177821
449 1.177744
450 1.177334
451 1.174920
452 1.174012
453 1.173976
454 1.173182
455 1.172903
456 1.173822
457 1.173348
458 1.174427
459 1.174060
460 1.174463
461 1.174801
462 1.175661
463 1.175121
464 1.174866
465 1.174766
466 1.174552
467 1.174095
468 1.173775
469 1.174896
470 1.174718
471 1.175021
472 1.175412
473 1.176450
474 1.176148
475 1.175311
476 1.175406
477 1.176367
478 1.176349
479 1.176777
480 1.176628
481 1.175750
482 1.176166
483 1.175537
484 1.174730
485 1.174226
486 1.174048
487 1.173597
488 1.173947
489 1.173947
490 1.174469
491 1.175288
492 1.174629
493 1.174807
494 1.175412
495 1.175531
496 1.175377
497 1.176427
498 1.175602
499 1.175964
500 1.174516
501 1.173876
502 1.172921
503 1.171983
504 1.172298
505 1.171117
506 1.171093
507 1.170862
508 1.171716
509 1.171295
510 1.170998
511 1.171520
512 1.172084
513 1.172037
514 1.172849
515 1.173110
516 1.172796
517 1.173549
518 1.173526
519 1.173935
520 1.172921
521 1.172434
522 1.171847
523 1.171544
524 1.172327
525 1.174273
526 1.175276
527 1.174849
528 1.175691
529 1.175471
530 1.176071
531 1.175750
532 1.175750
533 1.174131
534 1.174742
535 1.174890
536 1.174404
537 1.174499
538 1.174783
539 1.175021
540 1.175062
541 1.174682
542 1.176510
543 1.176136
544 1.177364
545 1.176972
546 1.177714
547 1.177714
548 1.177109
549 1.176510
550 1.176937
551 1.177263
552 1.176800
553 1.177139
554 1.176877
555 1.176664
556 1.177892
557 1.177548
558 1.177904
559 1.178153
560 1.178260
561 1.178272
562 1.177821
563 1.176569
564 1.175477
565 1.175270
566 1.176035
567 1.174469
568 1.173994
569 1.174949
570 1.175299
571 1.175169
572 1.176569
573 1.177245
574 1.176575
575 1.176527
576 1.176130
577 1.176023
578 1.176527
579 1.177578
580 1.178017
581 1.177732
582 1.177079
583 1.176296
584 1.176255
585 1.175549
586 1.176124
587 1.176961
588 1.177287
589 1.177204
590 1.177595
591 1.176717
592 1.176379
593 1.175940
594 1.175596
595 1.174872
596 1.175697
597 1.175560
598 1.176290
599 1.177085
600 1.176504
601 1.176919
602 1.176320
603 1.177228
604 1.178017
605 1.177358
606 1.178568
607 1.177655
608 1.177738
609 1.176563
610 1.176047
611 1.176154
612 1.176349
613 1.176705
614 1.176219
615 1.176516
616 1.176355
617 1.176379
618 1.176516
619 1.176919
620 1.178117
621 1.178159
622 1.177388
623 1.177548
624 1.177506
625 1.178906
626 1.179434
627 1.179500
628 1.180247
629 1.180247
630 1.181143
631 1.180995
632 1.181226
633 1.181594
634 1.181493
635 1.180941
636 1.181434
637 1.180840
638 1.179322
639 1.178966
640 1.178865
641 1.178521
642 1.178871
643 1.180330
644 1.179992
645 1.180573
646 1.180336
647 1.180989
648 1.181446
649 1.181297
650 1.180834
651 1.180900
652 1.179909
653 1.180123
654 1.179927
655 1.179761
656 1.180128
657 1.180040
658 1.179031
659 1.179571
660 1.178817
661 1.178242
662 1.178699
663 1.178770
664 1.178574
665 1.178628
666 1.180034
667 1.180235
668 1.180200
669 1.179488
670 1.179369
671 1.178966
672 1.180134
673 1.180585
674 1.180716
675 1.180502
676 1.180775
677 1.180277
678 1.179589
679 1.179084
680 1.179108
681 1.178325
682 1.179589
683 1.179049
684 1.179630
685 1.179767
686 1.178100
687 1.178503
688 1.178645
689 1.179589
690 1.178906
691 1.178811
692 1.178438
693 1.179339
694 1.180354
695 1.180093
696 1.179951
697 1.179049
698 1.178426
699 1.178752
700 1.179725
701 1.180117
702 1.179322
703 1.178301
704 1.179061
705 1.179001
706 1.177494
707 1.177696
708 1.176575
709 1.177097
710 1.176872
711 1.177690
712 1.178088
713 1.178052
714 1.178094
715 1.178242
716 1.178159
717 1.177791
718 1.177115
719 1.177144
720 1.177168
721 1.177572
722 1.176688
723 1.176421
724 1.175774
725 1.175252
726 1.175572
727 1.174718
728 1.174558
729 1.174208
730 1.175294
731 1.175027
732 1.174487
733 1.174564
734 1.175317
735 1.175145
736 1.176118
737 1.176711
738 1.176403
739 1.176575
740 1.176860
741 1.176848
742 1.176166
743 1.175151
744 1.175210
745 1.175050
746 1.174481
747 1.174065
748 1.174285
749 1.173567
750 1.175110
751 1.175792
752 1.175359
753 1.175495
754 1.174451
755 1.174712
756 1.175756
757 1.177127
758 1.177085
759 1.177560
760 1.178770
761 1.178384
762 1.179025
763 1.178782
764 1.177833
765 1.177275
766 1.177038
767 1.178189
768 1.178752
769 1.178426
770 1.178883
771 1.179001
772 1.179132
773 1.178444
774 1.179589
775 1.180277
776 1.180259
777 1.179601
778 1.179488
779 1.180668
780 1.181155
781 1.181018
782 1.180935
783 1.180490
784 1.180134
785 1.179909
786 1.179440
787 1.178580
788 1.178206
789 1.178895
790 1.178639
791 1.178289
792 1.178628
793 1.177844
794 1.177993
795 1.178218
796 1.177667
797 1.176539
798 1.176468
799 1.177026
800 1.176551
801 1.177198
802 1.177186
803 1.177441
804 1.176925
805 1.177192
806 1.176919
807 1.176628
808 1.176907
809 1.177044
810 1.177026
811 1.177761
812 1.177376
813 1.177352
814 1.177512
815 1.178491
816 1.178847
817 1.177987
818 1.177732
819 1.177803
820 1.177785
821 1.177020
822 1.177821
823 1.177139
824 1.178349
825 1.178378
826 1.178699
827 1.178984
828 1.180004
829 1.179452
830 1.179286
831 1.179968
832 1.180235
833 1.180407
834 1.180330
835 1.179601
836 1.178278
837 1.178687
838 1.179126
839 1.179618
840 1.180034
841 1.181143
842 1.180722
843 1.181101
844 1.180188
845 1.180562
846 1.179707
847 1.179790
848 1.178883
849 1.179209
850 1.178515
851 1.179517
852 1.179986
853 1.180401
854 1.180152
855 1.180591
856 1.181333
857 1.181303
858 1.181357
859 1.180514
860 1.181054
861 1.180235
862 1.180846
863 1.180360
864 1.181149
865 1.181534
866 1.180176
867 1.179606
868 1.179156
869 1.178995
870 1.179239
871 1.179660
872 1.180123
873 1.179980
874 1.179417
875 1.179820
876 1.179636
877 1.180016
878 1.179517
879 1.180390
880 1.178984
881 1.178260
882 1.178604
883 1.179618
884 1.179476
885 1.179215
886 1.177886
887 1.178283
888 1.177637
889 1.177364
890 1.177334
891 1.177411
892 1.176907
893 1.177791
894 1.177815
895 1.176996
896 1.177316
897 1.177382
898 1.177144
899 1.176166
900 1.176788
901 1.176860
902 1.176854
903 1.176806
904 1.177708
905 1.177352
906 1.176842
907 1.176961
908 1.177667
909 1.177316
910 1.177020
911 1.177613
912 1.176361
913 1.176338
914 1.176634
915 1.176450
916 1.176895
917 1.176551
918 1.175264
919 1.175602
920 1.174783
921 1.175673
922 1.176290
923 1.177210
924 1.176385
925 1.177589
926 1.177305
927 1.179114
928 1.179630
929 1.178699
930 1.178900
931 1.179019
932 1.178141
933 1.177856
934 1.177904
935 1.177459
936 1.176498
937 1.176569
938 1.176415
939 1.175893
940 1.175851
941 1.176741
942 1.177494
943 1.177637
944 1.176848
945 1.177055
946 1.176806
947 1.176711
948 1.178550
949 1.177708
950 1.178183
951 1.178663
952 1.177405
953 1.177696
954 1.178011
955 1.178343
956 1.178473
957 1.179363
958 1.179274
959 1.180253
960 1.179796
961 1.179363
962 1.180117
963 1.179784
964 1.179630
965 1.179215
966 1.179156
967 1.179767
968 1.180301
969 1.181072
970 1.180989
971 1.180271
972 1.179897
973 1.179820
974 1.180045
975 1.179743
976 1.180401
977 1.180544
978 1.180390
979 1.180757
980 1.180900
981 1.181321
982 1.180740
983 1.181232
984 1.181279
985 1.180953
986 1.180662
987 1.179452
988 1.178052
989 1.177892
990 1.178111
991 1.177631
992 1.176557
993 1.175999
994 1.176094
995 1.176266
996 1.176053
997 1.176931
998 1.177732
999 1.177085
1000 1.176717
1001 1.175958
1002 1.176237
1003 1.175839
1004 1.175104
1005 1.175501
1006 1.176243
1007 1.177168
1008 1.178260
1009 1.178817
1010 1.179755
1011 1.179250
1012 1.179067
1013 1.179102
1014 1.179903
1015 1.179156
1016 1.178450
1017 1.177483
1018 1.177435
1019 1.178847
1020 1.178788
1021 1.179161
1022 1.178200
1023 1.178503
1024 1.178153
1025 1.178758
1026 1.178717
1027 1.178206
1028 1.179802
1029 1.179031
1030 1.178402
1031 1.177370
1032 1.177809
1033 1.176771
1034 1.177340
1035 1.176842
1036 1.176504
1037 1.175952
1038 1.176622
1039 1.176172
1040 1.176818
1041 1.176753
1042 1.176913
1043 1.176682
1044 1.177494
1045 1.176937
1046 1.177643
1047 1.177649
1048 1.178106
1049 1.177275
1050 1.178242
1051 1.177690
1052 1.177850
1053 1.177281
1054 1.177518
1055 1.177204
1056 1.177328
1057 1.177791
1058 1.177572
1059 1.176788
1060 1.177376
1061 1.178052
1062 1.178183
1063 1.179126
1064 1.178189
1065 1.178372
1066 1.177340
1067 1.177489
1068 1.177767
1069 1.177975
1070 1.178776
1071 1.177833
1072 1.177726
1073 1.177322
1074 1.178147
1075 1.176765
1076 1.176249
1077 1.176783
1078 1.177044
1079 1.176349
1080 1.175104
1081 1.174327
1082 1.174920
1083 1.174048
1084 1.174410
1085 1.173864
1086 1.175976
1087 1.175454
1088 1.176634
1089 1.176990
1090 1.177518
1091 1.176510
1092 1.176889
1093 1.176332
1094 1.174949
1095 1.176017
1096 1.176278
1097 1.176237
1098 1.177346
1099 1.176682
1100 1.176955
1101 1.176533
1102 1.176504
1103 1.177091
1104 1.178218
1105 1.178123
1106 1.179120
1107 1.179304
1108 1.178847
1109 1.178076
1110 1.178301
1111 1.178361
1112 1.178503
1113 1.178663
1114 1.177613
1115 1.176344
1116 1.177257
1117 1.176527
1118 1.175626
1119 1.175246
1120 1.174321
1121 1.174991
1122 1.175934
1123 1.176029
1124 1.176421
1125 1.177809
1126 1.178806
1127 1.178533
1128 1.178349
1129 1.178865
1130 1.179031
1131 1.179589
1132 1.180573
1133 1.180479
1134 1.180366
1135 1.180200
1136 1.180301
1137 1.180977
1138 1.181695
1139 1.181712
1140 1.180876
1141 1.180176
1142 1.179150
1143 1.178444
1144 1.179345
1145 1.179328
1146 1.178877
1147 1.179369
1148 1.180164
1149 1.179684
1150 1.178800
1151 1.179470
1152 1.179310
1153 1.178847
1154 1.178414
1155 1.178200
1156 1.176907
1157 1.177696
1158 1.177933
1159 1.178070
1160 1.178022
1161 1.179256
1162 1.179458
1163 1.179387
1164 1.179583
1165 1.180520
1166 1.180651
1167 1.180105
1168 1.179102
1169 1.178254
1170 1.177091
1171 1.176605
1172 1.176824
1173 1.176367
1174 1.177233
1175 1.177222
1176 1.178260
1177 1.178539
1178 1.178693
1179 1.179339
1180 1.178740
1181 1.178782
1182 1.179749
1183 1.180330
1184 1.179351
1185 1.179351
1186 1.178889
1187 1.177779
1188 1.178022
1189 1.178746
1190 1.178758
1191 1.179245
1192 1.179316
1193 1.178473
1194 1.178479
1195 1.179179
1196 1.179292
1197 1.179203
1198 1.179512
1199 1.179601
1200 1.178817
1201 1.179684
1202 1.179547
1203 1.179992
1204 1.179381
1205 1.179256
1206 1.180829
1207 1.180977
1208 1.180716
1209 1.181665
1210 1.182282
1211 1.182656
1212 1.182763
1213 1.182994
1214 1.182828
1215 1.183000
1216 1.182045
1217 1.181885
1218 1.180745
1219 1.179618
1220 1.178711
1221 1.178248
1222 1.178064
1223 1.177910
1224 1.177394
1225 1.178722
1226 1.178396
1227 1.177708
1228 1.178770
1229 1.177969
1230 1.177868
1231 1.178414
1232 1.179055
1233 1.178865
1234 1.178266
1235 1.177257
1236 1.176468
1237 1.176438
1238 1.176527
1239 1.176634
1240 1.176634
1241 1.176949
1242 1.176658
1243 1.177411
1244 1.177322
1245 1.178272
1246 1.178117
1247 1.178924
1248 1.179025
1249 1.178948
1250 1.178722
1251 1.179541
1252 1.179612
1253 1.179606
1254 1.179784
1255 1.179007
1256 1.179102
1257 1.178444
1258 1.177364
1259 1.177589
1260 1.176622
1261 1.176100
1262 1.175768
1263 1.176201
1264 1.176053
1265 1.175388
1266 1.175252
1267 1.174475
1268 1.175021
1269 1.174783
1270 1.174564
1271 1.174949
1272 1.175044
1273 1.175371
1274 1.177447
1275 1.177619
1276 1.177198
1277 1.175994
1278 1.176243
1279 1.175709
1280 1.176759
1281 1.177672
1282 1.178141
1283 1.177732
1284 1.178473
1285 1.178651
1286 1.179672
1287 1.179559
1288 1.179512
1289 1.179434
1290 1.179405
1291 1.179773
1292 1.179595
1293 1.179541
1294 1.179648
1295 1.180473
1296 1.180016
1297 1.179375
1298 1.179951
1299 1.179844
1300 1.179601
1301 1.179992
1302 1.179227
1303 1.179595
1304 1.178396
1305 1.179132
1306 1.178639
1307 1.178005
1308 1.177400
1309 1.177370
1310 1.177518
1311 1.176622
1312 1.177091
1313 1.177856
1314 1.178408
1315 1.179541
1316 1.179262
1317 1.178954
1318 1.178889
1319 1.178823
1320 1.177678
1321 1.177566
1322 1.178082
1323 1.178355
1324 1.178871
1325 1.179903
1326 1.180882
1327 1.180834
1328 1.181641
1329 1.180443
1330 1.178978
1331 1.179832
1332 1.179891
1333 1.180437
1334 1.180301
1335 1.180395
1336 1.179322
1337 1.179428
1338 1.179601
1339 1.180656
1340 1.181173
1341 1.180698
1342 1.180437
1343 1.179452
1344 1.178752
1345 1.178717
1346 1.178260
1347 1.178028
1348 1.176658
1349 1.176326
1350 1.176984
1351 1.178100
1352 1.178230
1353 1.177827
1354 1.178117
1355 1.178402
1356 1.177785
1357 1.177803
1358 1.176931
1359 1.178924
1360 1.180045
1361 1.178841
1362 1.178628
1363 1.178568
1364 1.178301
1365 1.178325
1366 1.178283
1367 1.179262
1368 1.178800
1369 1.179274
1370 1.178384
1371 1.179096
1372 1.178058
1373 1.177898
1374 1.177631
1375 1.177483
1376 1.177856
1377 1.178367
1378 1.179126
1379 1.179357
1380 1.179280
1381 1.179903
1382 1.179986
1383 1.179571
1384 1.179084
1385 1.179689
1386 1.180532
1387 1.180751
1388 1.180247
1389 1.180823
1390 1.181374
1391 1.182116
1392 1.181618
1393 1.181072
1394 1.180449
1395 1.179440
1396 1.179037
1397 1.178699
1398 1.179073
1399 1.179470
1400 1.179986
1401 1.179618
1402 1.179090
1403 1.179423
1404 1.179933
1405 1.179577
1406 1.179476
1407 1.178895
1408 1.178912
1409 1.179292
1410 1.180496
1411 1.180401
1412 1.180040
1413 1.181273
1414 1.180870
1415 1.180935
1416 1.180556
1417 1.181505
1418 1.180253
1419 1.179666
1420 1.180876
1421 1.179891
1422 1.180235
1423 1.180182
1424 1.180324
1425 1.180609
1426 1.181273
1427 1.181179
1428 1.181671
1429 1.181238
1430 1.181582
1431 1.182015
1432 1.182193
1433 1.182881
1434 1.181997
1435 1.181932
1436 1.181968
1437 1.181896
1438 1.181796
1439 1.181481
1440 1.182033
1441 1.182276
1442 1.182798
1443 1.183184
1444 1.182543
1445 1.183077
1446 1.183012
1447 1.182460
1448 1.183261
1449 1.183053
1450 1.183474
1451 1.183824
1452 1.183617
1453 1.183368
1454 1.183071
1455 1.182804
1456 1.182157
1457 1.181908
1458 1.182128
1459 1.181428
1460 1.181950
1461 1.181279
1462 1.179612
1463 1.180057
1464 1.180152
1465 1.179808
1466 1.178966
1467 1.178936
1468 1.178616
1469 1.179150
1470 1.180134
1471 1.179749
1472 1.178817
1473 1.179494
1474 1.179678
1475 1.179322
1476 1.179363
1477 1.178693
1478 1.179185
1479 1.179541
1480 1.178657
1481 1.178005
1482 1.178046
1483 1.178100
1484 1.178153
1485 1.178384
1486 1.178764
1487 1.179737
1488 1.178657
1489 1.177661
1490 1.177411
1491 1.176753
1492 1.176800
1493 1.177945
1494 1.177619
1495 1.176302
1496 1.176700
1497 1.177121
1498 1.175952
1499 1.176391
1500 1.176308
1501 1.175810
1502 1.176747
1503 1.176711
1504 1.176136
1505 1.176438
1506 1.176771
1507 1.176130
1508 1.177032
1509 1.176628
1510 1.176978
1511 1.176830
1512 1.177471
1513 1.177067
1514 1.177115
1515 1.176112
1516 1.176041
1517 1.174504
1518 1.175086
1519 1.175679
1520 1.175181
1521 1.174190
1522 1.175667
1523 1.174979
1524 1.175424
1525 1.174979
1526 1.175875
1527 1.176854
1528 1.177352
1529 1.177827
1530 1.179078
1531 1.179719
1532 1.181434
1533 1.181054
1534 1.181184
1535 1.181119
1536 1.181054
1537 1.180597
1538 1.179808
1539 1.179951
1540 1.180662
1541 1.180763
1542 1.180591
1543 1.180740
1544 1.181742
1545 1.181534
1546 1.180858
1547 1.180639
1548 1.180591
1549 1.179838
1550 1.178895
1551 1.178046
1552 1.178331
1553 1.178758
1554 1.179286
1555 1.178610
1556 1.178236
1557 1.177228
1558 1.177987
1559 1.177767
1560 1.175762
1561 1.174463
1562 1.174303
1563 1.174238
1564 1.174688
1565 1.175649
1566 1.175887
1567 1.175566
1568 1.174481
1569 1.174232
1570 1.175513
1571 1.175845
1572 1.176438
1573 1.176961
1574 1.178212
1575 1.179161
1576 1.179156
1577 1.178485
1578 1.178200
1579 1.177322
1580 1.177352
1581 1.177180
1582 1.177536
1583 1.177779
1584 1.178420
1585 1.178889
1586 1.179446
1587 1.178592
1588 1.179256
1589 1.179962
1590 1.180348
1591 1.180206
1592 1.180212
1593 1.181457
1594 1.180502
1595 1.180395
1596 1.180496
1597 1.179844
1598 1.181125
1599 1.180324
1600 1.180170
1601 1.180740
1602 1.180906
1603 1.181558
1604 1.181362
1605 1.181333
1606 1.181790
1607 1.180971
1608 1.180134
1609 1.179387
1610 1.178545
1611 1.178598
1612 1.178592
1613 1.178823
1614 1.178978
1615 1.179678
1616 1.179796
1617 1.178948
1618 1.179423
1619 1.179517
1620 1.179933
1621 1.181125
1622 1.180918
1623 1.180520
1624 1.180763
1625 1.181446
1626 1.181659
1627 1.181101
1628 1.179974
1629 1.180805
1630 1.180306
1631 1.179962
1632 1.179245
1633 1.178740
1634 1.178895
1635 1.179167
1636 1.179334
1637 1.178681
1638 1.178657
1639 1.179221
1640 1.180443
1641 1.179838
1642 1.179102
1643 1.178806
1644 1.177667
1645 1.178319
1646 1.178562
1647 1.178622
1648 1.179844
1649 1.178972
1650 1.178598
1651 1.178562
1652 1.178402
1653 1.177548
1654 1.177055
1655 1.177079
1656 1.178260
1657 1.178402
1658 1.178367
1659 1.178319
1660 1.178806
1661 1.178479
1662 1.178301
1663 1.179173
1664 1.180484
1665 1.180461
1666 1.181902
1667 1.179915
1668 1.179595
1669 1.180354
1670 1.179927
1671 1.179547
1672 1.179482
1673 1.179488
1674 1.179351
1675 1.178017
1676 1.178194
1677 1.179031
1678 1.179980
1679 1.180443
1680 1.182252
1681 1.182585
1682 1.182157
1683 1.181825
1684 1.181570
1685 1.182045
1686 1.182324
1687 1.182816
1688 1.182917
1689 1.183035
1690 1.182739
1691 1.183291
1692 1.183682
1693 1.183302
1694 1.182964
1695 1.183213
1696 1.182857
1697 1.181790
1698 1.180876
1699 1.180775
1700 1.180692
1701 1.182116
1702 1.181748
1703 1.181481
1704 1.180508
1705 1.181167
1706 1.181689
1707 1.180888
1708 1.180567
1709 1.180508
1710 1.180401
1711 1.180793
1712 1.180834
1713 1.180508
1714 1.180745
1715 1.180443
1716 1.181113
1717 1.181321
1718 1.181588
1719 1.181772
1720 1.180312
1721 1.179778
1722 1.178853
1723 1.178711
1724 1.178900
1725 1.179173
1726 1.179399
1727 1.179239
1728 1.178034
1729 1.177222
1730 1.179108
1731 1.179541
1732 1.178930
1733 1.178871
1734 1.179209
1735 1.179737
1736 1.180235
1737 1.179541
1738 1.179203
1739 1.178960
1740 1.178681
1741 1.179808
1742 1.180028
1743 1.179375
1744 1.179262
1745 1.179553
1746 1.178912
1747 1.179689
1748 1.180283
1749 1.180467
1750 1.180170
1751 1.180751
1752 1.179773
1753 1.180306
1754 1.179322
1755 1.178717
1756 1.178895
1757 1.179025
1758 1.178758
1759 1.179161
1760 1.178515
1761 1.177981
1762 1.177933
1763 1.178705
1764 1.178639
1765 1.178924
1766 1.179209
1767 1.179452
1768 1.179672
1769 1.179316
1770 1.178930
1771 1.178301
1772 1.178189
1773 1.176877
1774 1.176872
1775 1.177471
1776 1.177346
1777 1.177578
1778 1.177726
1779 1.178171
1780 1.178574
1781 1.178331
1782 1.179506
1783 1.179642
1784 1.178942
1785 1.178028
1786 1.177880
1787 1.178337
1788 1.178794
1789 1.177957
1790 1.177696
1791 1.178361
1792 1.179084
1793 1.178900
1794 1.179612
1795 1.179280
1796 1.181131
1797 1.181600
1798 1.182454
1799 1.183053
1800 1.182976
1801 1.183344
1802 1.183724
1803 1.183996
1804 1.183213
1805 1.183492
1806 1.184216
1807 1.184341
1808 1.184370
1809 1.184483
1810 1.183243
1811 1.182620
1812 1.182774
1813 1.181926
1814 1.180502
1815 1.179867
1816 1.178776
1817 1.178337
1818 1.179120
1819 1.178942
1820 1.179856
1821 1.181511
1822 1.179903
1823 1.180265
1824 1.180140
1825 1.179482
1826 1.179565
1827 1.178889
1828 1.177785
1829 1.177969
1830 1.178414
1831 1.179084
1832 1.179037
1833 1.179049
1834 1.178740
1835 1.178989
1836 1.178995
1837 1.178811
1838 1.178100
1839 1.178586
1840 1.179274
1841 1.177400
1842 1.178444
1843 1.178408
1844 1.179482
1845 1.179790
1846 1.179867
1847 1.180259
1848 1.179084
1849 1.179678
1850 1.179523
1851 1.180028
1852 1.180235
1853 1.180639
1854 1.180645
1855 1.179737
1856 1.179494
1857 1.178776
1858 1.178675
1859 1.179250
1860 1.178592
1861 1.177868
1862 1.176688
1863 1.177281
1864 1.177506
1865 1.177008
1866 1.177026
1867 1.176806
1868 1.175282
1869 1.175311
1870 1.176172
1871 1.176320
1872 1.177524
1873 1.178479
1874 1.179328
1875 1.179316
1876 1.178788
1877 1.178847
1878 1.179013
1879 1.179096
1880 1.179292
1881 1.179974
1882 1.181279
1883 1.179921
1884 1.178200
1885 1.177803
1886 1.178147
1887 1.178841
1888 1.179559
1889 1.181582
1890 1.181629
1891 1.182881
1892 1.182721
1893 1.183979
1894 1.184038
1895 1.183207
1896 1.181938
1897 1.181481
1898 1.181968
1899 1.182318
1900 1.181950
1901 1.181173
1902 1.180947
1903 1.181689
1904 1.181914
1905 1.181890
1906 1.181807
1907 1.182401
1908 1.182561
1909 1.182828
1910 1.182709
1911 1.182163
1912 1.181576
1913 1.181446
1914 1.182413
1915 1.181392
1916 1.181386
1917 1.180603
1918 1.181078
1919 1.180651
1920 1.181309
1921 1.181469
1922 1.181819
1923 1.182086
1924 1.181107
1925 1.181054
1926 1.180573
1927 1.180508
1928 1.179731
1929 1.180621
1930 1.180301
1931 1.179084
1932 1.179998
1933 1.180045
1934 1.180336
1935 1.179707
1936 1.180289
1937 1.180645
1938 1.180431
1939 1.181208
1940 1.180840
1941 1.181001
1942 1.180704
1943 1.180846
1944 1.181594
1945 1.181434
1946 1.181107
1947 1.181380
1948 1.180407
1949 1.179749
1950 1.180200
1951 1.179986
1952 1.180834
1953 1.181422
1954 1.182531
1955 1.182347
1956 1.182596
1957 1.182193
1958 1.182181
1959 1.181149
1960 1.180603
1961 1.180550
1962 1.179239
1963 1.179689
1964 1.179891
1965 1.180704
1966 1.180508
1967 1.181659
1968 1.180912
1969 1.180176
1970 1.180633
1971 1.179951
1972 1.179500
1973 1.180514
1974 1.180615
1975 1.180562
1976 1.181273
1977 1.181190
1978 1.181024
1979 1.180852
1980 1.180918
1981 1.181374
1982 1.180550
1983 1.180597
1984 1.181321
1985 1.181534
1986 1.181671
1987 1.182252
1988 1.182347
1989 1.182175
1990 1.182015
1991 1.182146
1992 1.182140
1993 1.182080
1994 1.181647
1995 1.182324
1996 1.182288
1997 1.181552
1998 1.181066
1999 1.180419
2000 1.179630
2001 1.178675
2002 1.178254
2003 1.176848
2004 1.177661
2005 1.176913
2006 1.176765
2007 1.175685
2008 1.174599
2009 1.174332
2010 1.175614
2011 1.175833
2012 1.176130
2013 1.176047
2014 1.175614
2015 1.175922
2016 1.176106
2017 1.175104
2018 1.175074
2019 1.175270
2020 1.177026
2021 1.176889
2022 1.177139
2023 1.176955
2024 1.176966
2025 1.176142
2026 1.176320
2027 1.176498
2028 1.176931
2029 1.176765
2030 1.176320
2031 1.176747
2032 1.177044
2033 1.178343
2034 1.179061
2035 1.179423
2036 1.178479
2037 1.179773
2038 1.180010
2039 1.179666
2040 1.181012
2041 1.180983
2042 1.180223
2043 1.181813
2044 1.182608
2045 1.182543
2046 1.181701
2047 1.180674
2048 1.180609
2049 1.179867
2050 1.179535
2051 1.180057
2052 1.179173
2053 1.179933
2054 1.179672
2055 1.179084
2056 1.179476
2057 1.178681
2058 1.178675
2059 1.178052
2060 1.178064
2061 1.177910
2062 1.176895
2063 1.177091
2064 1.178610
2065 1.178550
2066 1.178414
2067 1.177821
2068 1.177156
2069 1.177121
2070 1.177281
2071 1.177305
2072 1.178853
2073 1.179440
2074 1.179601
2075 1.179512
2076 1.179280
2077 1.178592
2078 1.179802
2079 1.179612
2080 1.179322
2081 1.179624
2082 1.180591
2083 1.179565
2084 1.179138
2085 1.179363
2086 1.179612
2087 1.178456
2088 1.177607
2089 1.178088
2090 1.177186
2091 1.176172
2092 1.175566
2093 1.174623
2094 1.174137
2095 1.175062
2096 1.175246
2097 1.175388
2098 1.175454
2099 1.177465
2100 1.177233
2101 1.176842
2102 1.177257
2103 1.177002
2104 1.177862
2105 1.177637
2106 1.177483
2107 1.177981
2108 1.178770
2109 1.179233
2110 1.179073
2111 1.179559
2112 1.178800
2113 1.178218
2114 1.178758
2115 1.177933
2116 1.177328
2117 1.178040
2118 1.178367
2119 1.177844
2120 1.177803
2121 1.176284
2122 1.176711
2123 1.175252
2124 1.175614
2125 1.176172
2126 1.177002
2127 1.176955
2128 1.175738
2129 1.176314
2130 1.176765
2131 1.176160
2132 1.176124
2133 1.176860
2134 1.177204
2135 1.175988
2136 1.176332
2137 1.177405
2138 1.178634
2139 1.179031
2140 1.179067
2141 1.178509
2142 1.179102
2143 1.180437
2144 1.181042
2145 1.180929
2146 1.180330
2147 1.180004
2148 1.180158
2149 1.179043
2150 1.178906
2151 1.179737
2152 1.178681
2153 1.178972
2154 1.178972
2155 1.179648
2156 1.179268
2157 1.179612
2158 1.179529
2159 1.180977
2160 1.181582
2161 1.180941
2162 1.182199
2163 1.182288
2164 1.182982
2165 1.182377
2166 1.182418
2167 1.182371
2168 1.182080
2169 1.182430
2170 1.182057
2171 1.181724
2172 1.181956
2173 1.181712
2174 1.181487
2175 1.180989
2176 1.181440
2177 1.180912
2178 1.181351
2179 1.181819
2180 1.182335
2181 1.182341
2182 1.181914
2183 1.180562
2184 1.179986
2185 1.180040
2186 1.180301
2187 1.178984
2188 1.179678
2189 1.179577
2190 1.179873
2191 1.179547
2192 1.179767
2193 1.178948
2194 1.178675
2195 1.178313
2196 1.178758
2197 1.177975
2198 1.178426
2199 1.179156
2200 1.180318
2201 1.179357
2202 1.179049
2203 1.178794
2204 1.178017
2205 1.177939
2206 1.178076
2207 1.176759
2208 1.177150
2209 1.176450
2210 1.177423
2211 1.177797
2212 1.177684
2213 1.177067
2214 1.176456
2215 1.176172
2216 1.176083
2217 1.175804
2218 1.177690
2219 1.177815
2220 1.177690
2221 1.177085
2222 1.177400
2223 1.177192
2224 1.176664
2225 1.176569
2226 1.177441
2227 1.177803
2228 1.177127
2229 1.176777
2230 1.176771
2231 1.176094
2232 1.175833
2233 1.175222
2234 1.175009
2235 1.175471
2236 1.175264
2237 1.174665
2238 1.174160
2239 1.173905
2240 1.173632
2241 1.172381
2242 1.171817
2243 1.171390
2244 1.171900
2245 1.173045
2246 1.173680
2247 1.173377
2248 1.172932
2249 1.172843
2250 1.174445
2251 1.174327
2252 1.175756
2253 1.175857
2254 1.175471
2255 1.174593
2256 1.175477
2257 1.175816
2258 1.175377
2259 1.175626
2260 1.175483
2261 1.175655
2262 1.175341
2263 1.176961
2264 1.177684
2265 1.176866
2266 1.176901
2267 1.177050
2268 1.176605
2269 1.177281
2270 1.177506
2271 1.177886
2272 1.177494
2273 1.178070
2274 1.178639
2275 1.179298
2276 1.179500
2277 1.179814
2278 1.179778
2279 1.179951
2280 1.179856
2281 1.179725
2282 1.178657
2283 1.177690
2284 1.177435
2285 1.176877
2286 1.177506
2287 1.177186
2288 1.176438
2289 1.177210
2290 1.176201
2291 1.176640
2292 1.176237
2293 1.177079
2294 1.177245
2295 1.176047
2296 1.176836
2297 1.177370
2298 1.178313
2299 1.177856
2300 1.177625
2301 1.178622
2302 1.180271
2303 1.179565
2304 1.178384
2305 1.178527
2306 1.178046
2307 1.177720
2308 1.177394
2309 1.176450
2310 1.176889
2311 1.175934
2312 1.175210
2313 1.176195
2314 1.176682
2315 1.176771
2316 1.177566
2317 1.177951
2318 1.177228
2319 1.177928
2320 1.177856
2321 1.176741
2322 1.176818
2323 1.176332
2324 1.176705
2325 1.176421
2326 1.176759
2327 1.175994
2328 1.175976
2329 1.175691
2330 1.175715
2331 1.175934
2332 1.175964
2333 1.176142
2334 1.176593
2335 1.175756
2336 1.176705
2337 1.176314
2338 1.175015
2339 1.175964
2340 1.176966
2341 1.177299
2342 1.177417
2343 1.177287
2344 1.178432
2345 1.177198
2346 1.176794
2347 1.176480
2348 1.175762
2349 1.176379
2350 1.176385
2351 1.176717
2352 1.176800
2353 1.176860
2354 1.175916
2355 1.175276
2356 1.175531
2357 1.175679
2358 1.176071
2359 1.176320
2360 1.176177
2361 1.177287
2362 1.177186
2363 1.177714
2364 1.177156
2365 1.177500
2366 1.176788
2367 1.177524
2368 1.178610
2369 1.177963
2370 1.178924
2371 1.178930
2372 1.179897
2373 1.180710
2374 1.180514
2375 1.178817
2376 1.180490
2377 1.179601
2378 1.179808
2379 1.179808
2380 1.179784
2381 1.180989
2382 1.180496
2383 1.179939
2384 1.180502
2385 1.179939
2386 1.178865
2387 1.178746
2388 1.178485
2389 1.177755
2390 1.178183
2391 1.178521
2392 1.179096
2393 1.177975
2394 1.179114
2395 1.178325
2396 1.177744
2397 1.178052
2398 1.177477
2399 1.178438
2400 1.177601
2401 1.178159
2402 1.178171
2403 1.176877
2404 1.176895
2405 1.177637
2406 1.177613
2407 1.177506
2408 1.176284
2409 1.175691
2410 1.176593
2411 1.175798
2412 1.175501
2413 1.175721
2414 1.175027
2415 1.175988
2416 1.176189
2417 1.175822
2418 1.175578
2419 1.175851
2420 1.175899
2421 1.176409
2422 1.177026
2423 1.176545
2424 1.175566
2425 1.175994
2426 1.176818
2427 1.176931
2428 1.178467
2429 1.177423
2430 1.177856
2431 1.178711
2432 1.177839
2433 1.178195
2434 1.179156
2435 1.179737
2436 1.178889
2437 1.179357
2438 1.180384
2439 1.179956
2440 1.179725
2441 1.178984
2442 1.178918
2443 1.179571
2444 1.179695
2445 1.179310
2446 1.180449
2447 1.181220
2448 1.181534
2449 1.180870
2450 1.180206
2451 1.180158
2452 1.180532
2453 1.180793
2454 1.181309
2455 1.181463
2456 1.182840
2457 1.182424
2458 1.181944
2459 1.180977
2460 1.180971
2461 1.181582
2462 1.181618
2463 1.181410
2464 1.181819
2465 1.182057
2466 1.182365
2467 1.182134
2468 1.181641
2469 1.180229
2470 1.180241
2471 1.180093
2472 1.179956
2473 1.179339
2474 1.178966
2475 1.179606
2476 1.179221
2477 1.179903
2478 1.179227
2479 1.179328
2480 1.178230
2481 1.178242
2482 1.177916
2483 1.177560
2484 1.178064
2485 1.178467
2486 1.178230
2487 1.178954
2488 1.178479
2489 1.177678
2490 1.177465
2491 1.176599
2492 1.176017
2493 1.175744
2494 1.175483
2495 1.176284
2496 1.176029
2497 1.176937
2498 1.176527
2499 1.177139
2500 1.175994
2501 1.175839
2502 1.174255
2503 1.173893
2504 1.174611
2505 1.174914
2506 1.174285
2507 1.173437
2508 1.173615
2509 1.173597
2510 1.173686
2511 1.174291
2512 1.173810
2513 1.174576
2514 1.175525
2515 1.177067
2516 1.177144
2517 1.176806
2518 1.176753
2519 1.177922
2520 1.178995
2521 1.178924
2522 1.179992
2523 1.179274
2524 1.178568
2525 1.179286
2526 1.180040
2527 1.180888
2528 1.181487
2529 1.180544
2530 1.180698
2531 1.180496
2532 1.180556
2533 1.180526
2534 1.180864
2535 1.180840
2536 1.180496
2537 1.180342
2538 1.180034
2539 1.181416
2540 1.180805
2541 1.181540
2542 1.180728
2543 1.179114
2544 1.179019
2545 1.177939
2546 1.177269
2547 1.177447
2548 1.177702
2549 1.178521
2550 1.178835
2551 1.178877
2552 1.178367
2553 1.177287
2554 1.178005
2555 1.178070
2556 1.178568
2557 1.179517
2558 1.179773
2559 1.180722
2560 1.180342
2561 1.180479
2562 1.180989
2563 1.181297
2564 1.181244
2565 1.181991
2566 1.182596
2567 1.181422
2568 1.181457
2569 1.180354
2570 1.180395
2571 1.180959
2572 1.181090
2573 1.181398
2574 1.180947
2575 1.181457
2576 1.181190
2577 1.181730
2578 1.180799
2579 1.180443
2580 1.180520
2581 1.179031
2582 1.178746
2583 1.177999
2584 1.178651
2585 1.178883
2586 1.179423
2587 1.179440
2588 1.179250
2589 1.179007
2590 1.178794
2591 1.178343
2592 1.179049
2593 1.178616
2594 1.178503
2595 1.177815
2596 1.179037
2597 1.179535
2598 1.179701
2599 1.180354
2600 1.180490
2601 1.180971
2602 1.180662
2603 1.180983
2604 1.180045
2605 1.180728
2606 1.180615
2607 1.179939
2608 1.180490
2609 1.180526
2610 1.181279
2611 1.180882
2612 1.181262
2613 1.180384
2614 1.180668
2615 1.179945
2616 1.180407
2617 1.180413
2618 1.179778
2619 1.179778
2620 1.179031
2621 1.178586
2622 1.178295
2623 1.177797
2624 1.177993
2625 1.177957
2626 1.178307
2627 1.178539
2628 1.178307
2629 1.179167
2630 1.181012
2631 1.180864
2632 1.180686
2633 1.181012
2634 1.181523
2635 1.182608
2636 1.182175
2637 1.182869
2638 1.181552
2639 1.181730
2640 1.180514
2641 1.179648
2642 1.180194
2643 1.179161
2644 1.179701
2645 1.179642
2646 1.180247
2647 1.180152
2648 1.179583
2649 1.179666
2650 1.181457
2651 1.181748
2652 1.182964
2653 1.181410
2654 1.181066
2655 1.181671
2656 1.182341
2657 1.182448
2658 1.182318
2659 1.181997
2660 1.181202
2661 1.181285
2662 1.181873
2663 1.181505
2664 1.180751
2665 1.180811
2666 1.180704
2667 1.181143
2668 1.180953
2669 1.181072
2670 1.180965
2671 1.180953
2672 1.180876
2673 1.180621
2674 1.180045
2675 1.181647
2676 1.181938
2677 1.181974
2678 1.182140
2679 1.182822
2680 1.183427
2681 1.183516
2682 1.183184
2683 1.183391
2684 1.183166
2685 1.183012
2686 1.182531
2687 1.181291
2688 1.179879
2689 1.179808
2690 1.179968
2691 1.179951
2692 1.180081
2693 1.181072
2694 1.180817
2695 1.180443
2696 1.180407
2697 1.179642
2698 1.180467
2699 1.180176
2700 1.180983
2701 1.180419
2702 1.181357
2703 1.180176
2704 1.181647
2705 1.181173
2706 1.181001
2707 1.181125
2708 1.181772
2709 1.181279
2710 1.180870
2711 1.180087
2712 1.179571
2713 1.178841
2714 1.178776
2715 1.178681
2716 1.178835
2717 1.179007
2718 1.179535
2719 1.179013
2720 1.178770
2721 1.178972
2722 1.179689
2723 1.178728
2724 1.179500
2725 1.179351
2726 1.179695
2727 1.179339
2728 1.178984
2729 1.179660
2730 1.179891
2731 1.179577
2732 1.178984
2733 1.179334
2734 1.179488
2735 1.178645
2736 1.178058
2737 1.179506
2738 1.178817
2739 1.177162
2740 1.177548
2741 1.178194
2742 1.177874
2743 1.177554
2744 1.178171
2745 1.178978
2746 1.177744
2747 1.178218
2748 1.177708
2749 1.178189
2750 1.178669
2751 1.178111
2752 1.178835
2753 1.178823
2754 1.177198
2755 1.177483
2756 1.177773
2757 1.176688
2758 1.177494
2759 1.178669
2760 1.178675
2761 1.179233
2762 1.180348
2763 1.180407
2764 1.179132
2765 1.179191
2766 1.179019
2767 1.179411
2768 1.179043
2769 1.178337
2770 1.178604
2771 1.179268
2772 1.179150
2773 1.180170
2774 1.180069
2775 1.179595
2776 1.178806
2777 1.179161
2778 1.177981
2779 1.178361
2780 1.179114
2781 1.179268
2782 1.179167
2783 1.178705
2784 1.178669
2785 1.178948
2786 1.178491
2787 1.178313
2788 1.177827
2789 1.177352
2790 1.177643
2791 1.178313
2792 1.178070
2793 1.177761
2794 1.176984
2795 1.177085
2796 1.178147
2797 1.177886
2798 1.177797
2799 1.178479
2800 1.180034
2801 1.179013
2802 1.178361
2803 1.177868
2804 1.177091
2805 1.178936
2806 1.179310
2807 1.179577
2808 1.180069
2809 1.180710
2810 1.181351
2811 1.181463
2812 1.180235
2813 1.179927
2814 1.180235
2815 1.178871
2816 1.178847
2817 1.177999
2818 1.179292
2819 1.179867
2820 1.180128
2821 1.179577
2822 1.180040
2823 1.180312
2824 1.180295
2825 1.180935
2826 1.180467
2827 1.180069
2828 1.179660
2829 1.179517
2830 1.179885
2831 1.179500
2832 1.178331
2833 1.178811
2834 1.178871
2835 1.178817
2836 1.179731
2837 1.178515
2838 1.178984
2839 1.178456
2840 1.178088
2841 1.178177
2842 1.178485
2843 1.179256
2844 1.179233
2845 1.180342
2846 1.180668
2847 1.181629
2848 1.181873
2849 1.181926
2850 1.182531
2851 1.184495
2852 1.184210
2853 1.183374
2854 1.183996
2855 1.184358
2856 1.183207
2857 1.183089
2858 1.182484
2859 1.182353
2860 1.181997
2861 1.181517
2862 1.181143
2863 1.179636
2864 1.178823
2865 1.178966
2866 1.177708
2867 1.176913
2868 1.176605
2869 1.176569
2870 1.175382
2871 1.175294
2872 1.175881
2873 1.176877
2874 1.177471
2875 1.178106
2876 1.178384
2877 1.178806
2878 1.178622
2879 1.178224
2880 1.177572
2881 1.177999
2882 1.178847
2883 1.179197
2884 1.179144
2885 1.179446
2886 1.180034
2887 1.179962
2888 1.179470
2889 1.178889
2890 1.179452
2891 1.179897
2892 1.179612
2893 1.179452
2894 1.179927
2895 1.180111
2896 1.179672
2897 1.180057
2898 1.179927
2899 1.179974
2900 1.180520
2901 1.180722
2902 1.180099
2903 1.179458
2904 1.179767
2905 1.179725
2906 1.179541
2907 1.178628
2908 1.177904
2909 1.176919
2910 1.177127
2911 1.176836
2912 1.176949
2913 1.177850
2914 1.177951
2915 1.178129
2916 1.177518
2917 1.178616
2918 1.177115
2919 1.176723
2920 1.176599
2921 1.176444
2922 1.176154
2923 1.175406
2924 1.177067
2925 1.176516
2926 1.177233
2927 1.176628
2928 1.176207
2929 1.176688
2930 1.176848
2931 1.176996
2932 1.176812
2933 1.176083
2934 1.176130
2935 1.175780
2936 1.176379
2937 1.176569
2938 1.177702
2939 1.178058
2940 1.177773
2941 1.177726
2942 1.178135
2943 1.178402
2944 1.178283
2945 1.177506
2946 1.177583
2947 1.178432
2948 1.178248
2949 1.178574
2950 1.178728
2951 1.179173
2952 1.179417
2953 1.178473
2954 1.177916
2955 1.177429
2956 1.176818
2957 1.177601
2958 1.177661
2959 1.177969
2960 1.177957
2961 1.179025
2962 1.179144
2963 1.180134
2964 1.179500
2965 1.179535
2966 1.178717
2967 1.179494
2968 1.180182
2969 1.179084
2970 1.179090
2971 1.178100
2972 1.177423
2973 1.176130
2974 1.176166
2975 1.177400
2976 1.178183
2977 1.178034
2978 1.178040
2979 1.177761
2980 1.179778
2981 1.179061
2982 1.179565
2983 1.180241
2984 1.180390
2985 1.179915
2986 1.178966
2987 1.179108
2988 1.178230
2989 1.177821
2990 1.178497
2991 1.178835
2992 1.177969
2993 1.177785
2994 1.177898
2995 1.178384
2996 1.178634
2997 1.178562
2998 1.179215
2999 1.179132
3000 1.179719
