1 1.163553
2 1.149766
3 1.141852
4 1.134436
5 1.129269
6 1.123627
7 1.118745
8 1.113714
9 1.108357
10 1.103409
11 1.097851
12 1.091355
13 1.085820
14 1.080801
15 1.075450
16 1.071000
17 1.067186
18 1.062368
19 1.057409
20 1.054858
21 1.050361
22 1.046552
23 1.042833
24 1.039451
25 1.037262
26 1.035209
27 1.031543
28 1.028773
29 1.026898
30 1.022917
31 1.021250
32 1.019364
33 1.017679
34 1.014873
35 1.013983
36 1.012820
37 1.010417
38 1.009646
39 1.008650
40 1.007653
41 1.007036
42 1.007273
43 1.005458
44 1.005470
45 1.004651
46 1.004402
47 1.005060
48 1.003868
49 1.004271
50 1.004740
51 1.004349
52 1.004414
53 1.005084
54 1.006010
55 1.006710
56 1.007843
57 1.009213
58 1.010845
59 1.011343
60 1.011912
61 1.012233
62 1.012007
63 1.012607
64 1.013455
65 1.014546
66 1.015976
67 1.015567
68 1.016854
69 1.016676
70 1.017495
71 1.017406
72 1.018047
73 1.018094
74 1.020942
75 1.022668
76 1.023902
77 1.024810
78 1.026121
79 1.028079
80 1.029574
81 1.030374
82 1.031976
83 1.031834
84 1.033602
85 1.036052
86 1.036859
87 1.037873
88 1.040252
89 1.042186
90 1.043497
91 1.044440
92 1.045508
93 1.046920
94 1.048540
95 1.048854
96 1.050130
97 1.051553
98 1.051892
99 1.053897
100 1.056638
101 1.059040
102 1.060375
103 1.062392
104 1.063258
105 1.063745
106 1.065958
107 1.067708
108 1.069220
109 1.070567
110 1.073201
111 1.075622
112 1.077087
113 1.077834
114 1.078653
115 1.079952
116 1.081281
117 1.082094
118 1.082966
119 1.083702
120 1.084728
121 1.085048
122 1.086804
123 1.088038
124 1.089456
125 1.090999
126 1.091995
127 1.091770
128 1.092488
129 1.091586
130 1.092387
131 1.093383
132 1.094434
133 1.095608
134 1.095513
135 1.097524
136 1.099215
137 1.100313
138 1.101535
139 1.102858
140 1.104015
141 1.104525
142 1.103848
143 1.104246
144 1.105130
145 1.106554
146 1.107242
147 1.107639
148 1.108416
149 1.110196
150 1.111157
151 1.112017
152 1.112124
153 1.111573
154 1.113245
155 1.113655
156 1.115915
157 1.116532
158 1.117653
159 1.118419
160 1.120103
161 1.121794
162 1.122583
163 1.122791
164 1.123295
165 1.124007
166 1.124102
167 1.124660
168 1.125134
169 1.124565
170 1.125093
171 1.126066
172 1.126564
173 1.126831
174 1.127472
175 1.128593
176 1.129673
177 1.130023
178 1.130153
179 1.129975
180 1.130533
181 1.129898
182 1.130812
183 1.130646
184 1.131037
185 1.131684
186 1.131648
187 1.131974
188 1.133962
189 1.133523
190 1.133986
191 1.134353
192 1.134294
193 1.135344
194 1.134840
195 1.135255
196 1.135534
197 1.135362
198 1.136246
199 1.135753
200 1.135700
201 1.135771
202 1.136204
203 1.137017
204 1.137059
205 1.136999
206 1.137165
207 1.138002
208 1.137361
209 1.137272
210 1.137314
211 1.138482
212 1.138637
213 1.139307
214 1.140784
215 1.141894
216 1.141994
217 1.143062
218 1.143685
219 1.143222
220 1.144017
221 1.143513
222 1.144622
223 1.144694
224 1.143584
225 1.142688
226 1.142576
227 1.142540
228 1.142113
229 1.143311
230 1.144456
231 1.144225
232 1.144445
233 1.145133
234 1.145234
235 1.145050
236 1.145744
237 1.145560
238 1.145275
239 1.144711
240 1.146212
241 1.145975
242 1.146123
243 1.146568
244 1.147227
245 1.147707
246 1.148176
247 1.149891
248 1.149452
249 1.148597
250 1.148568
251 1.149463
252 1.149552
253 1.150881
254 1.151006
255 1.150377
256 1.149653
257 1.149600
258 1.151231
259 1.149695
260 1.149736
261 1.150324
262 1.150709
263 1.149837
264 1.150822
265 1.152180
266 1.153361
267 1.153426
268 1.152536
269 1.151741
270 1.151670
271 1.152311
272 1.151451
273 1.150970
274 1.150419
275 1.151463
276 1.152453
277 1.152210
278 1.152418
279 1.152406
280 1.152311
281 1.152175
282 1.152311
283 1.151694
284 1.151320
285 1.151854
286 1.152447
287 1.153094
288 1.153124
289 1.153112
290 1.152548
291 1.153076
292 1.151759
293 1.150988
294 1.152044
295 1.151854
296 1.152258
297 1.152008
298 1.151374
299 1.150383
300 1.148757
301 1.148419
302 1.148419
303 1.148651
304 1.148668
305 1.148989
306 1.149434
307 1.149285
308 1.149885
309 1.150015
310 1.149914
311 1.149386
312 1.149790
313 1.151219
314 1.151712
315 1.153011
316 1.152881
317 1.153047
318 1.152839
319 1.153498
320 1.154399
321 1.154607
322 1.153830
323 1.154322
324 1.154702
325 1.155989
326 1.155520
327 1.157164
328 1.156298
329 1.155936
330 1.155265
331 1.154933
332 1.155117
333 1.155046
334 1.154459
335 1.153948
336 1.154548
337 1.153480
338 1.153094
339 1.153586
340 1.154322
341 1.154275
342 1.154583
343 1.155242
344 1.154874
345 1.155675
346 1.156084
347 1.156262
348 1.156689
349 1.156618
350 1.157567
351 1.158042
352 1.157383
353 1.157478
354 1.157075
355 1.156802
356 1.157680
357 1.158036
358 1.157318
359 1.157680
360 1.158060
361 1.157627
362 1.157265
363 1.155871
364 1.154951
365 1.154613
366 1.153937
367 1.154548
368 1.154832
369 1.155983
370 1.155912
371 1.156078
372 1.155912
373 1.155983
374 1.155301
375 1.155859
376 1.156642
377 1.156861
378 1.157134
379 1.156677
380 1.156861
381 1.156458
382 1.156215
383 1.156054
384 1.155959
385 1.155544
386 1.156137
387 1.155853
388 1.155645
389 1.155609
390 1.155894
391 1.155693
392 1.156137
393 1.155859
394 1.156897
395 1.157781
396 1.157787
397 1.158166
398 1.159074
399 1.160172
400 1.160172
401 1.160237
402 1.159940
403 1.159851
404 1.159958
405 1.160456
406 1.160439
407 1.160172
408 1.159442
409 1.158807
410 1.157603
411 1.157858
412 1.157858
413 1.157710
414 1.158872
415 1.159258
416 1.158516
417 1.158445
418 1.158558
419 1.160433
420 1.159715
421 1.160367
422 1.159270
423 1.159056
424 1.158938
425 1.159193
426 1.159792
427 1.158849
428 1.159181
429 1.158991
430 1.158611
431 1.158332
432 1.159021
433 1.159905
434 1.160278
435 1.160504
436 1.160278
437 1.160332
438 1.160000
439 1.160177
440 1.160581
441 1.160290
442 1.160842
443 1.161649
444 1.161756
445 1.162266
446 1.163162
447 1.162924
448 1.163672
449 1.163648
450 1.164823
451 1.164829
452 1.164751
453 1.165149
454 1.164081
455 1.164016
456 1.163381
457 1.164271
458 1.163868
459 1.164040
460 1.164295
461 1.164105
462 1.164568
463 1.163802
464 1.163434
465 1.162823
466 1.163850
467 1.164556
468 1.164176
469 1.163642
470 1.162242
471 1.161578
472 1.161150
473 1.161091
474 1.161536
475 1.161981
476 1.160670
477 1.160800
478 1.161216
479 1.160017
480 1.159857
481 1.159661
482 1.159460
483 1.159329
484 1.158688
485 1.158831
486 1.159549
487 1.159584
488 1.160397
489 1.160516
490 1.160735
491 1.161038
492 1.161346
493 1.160077
494 1.160011
495 1.159685
496 1.160878
497 1.160130
498 1.160284
499 1.159697
500 1.159614
501 1.160717
502 1.161079
503 1.161340
504 1.161293
505 1.161524
506 1.162343
507 1.162895
508 1.162260
509 1.163096
510 1.163405
511 1.163701
512 1.163185
513 1.162770
514 1.162604
515 1.162746
516 1.163239
517 1.163814
518 1.163310
519 1.163025
520 1.163251
521 1.164271
522 1.164330
523 1.164425
524 1.164016
525 1.164941
526 1.165119
527 1.164651
528 1.165155
529 1.165125
530 1.165119
531 1.163992
532 1.162473
533 1.162028
534 1.162183
535 1.162123
536 1.162046
537 1.163387
538 1.163405
539 1.162230
540 1.162829
541 1.163601
542 1.162740
543 1.162111
544 1.161874
545 1.161987
546 1.161975
547 1.162841
548 1.162147
549 1.160646
550 1.161578
551 1.161287
552 1.162693
553 1.162284
554 1.162473
555 1.162847
556 1.163049
557 1.162485
558 1.162159
559 1.161714
560 1.160842
561 1.162040
562 1.162402
563 1.162812
564 1.163322
565 1.163618
566 1.163779
567 1.164751
568 1.164277
569 1.163405
570 1.162877
571 1.162159
572 1.162076
573 1.160759
574 1.162462
575 1.162580
576 1.162699
577 1.161874
578 1.162046
579 1.161934
580 1.162337
581 1.161595
582 1.161862
583 1.161767
584 1.162266
585 1.162200
586 1.162450
587 1.163197
588 1.163695
589 1.163488
590 1.164188
591 1.163921
592 1.163541
593 1.163826
594 1.163927
595 1.162984
596 1.162343
597 1.162616
598 1.163197
599 1.162248
600 1.161934
601 1.162491
602 1.163138
603 1.162598
604 1.162598
605 1.163280
606 1.162562
607 1.161987
608 1.161578
609 1.161103
610 1.160866
611 1.162829
612 1.162693
613 1.162717
614 1.162711
615 1.163167
616 1.163672
617 1.163612
618 1.164099
619 1.164259
620 1.164900
621 1.165096
622 1.164568
623 1.164870
624 1.165256
625 1.166009
626 1.165446
627 1.164728
628 1.164253
629 1.164455
630 1.164051
631 1.165274
632 1.165054
633 1.165202
634 1.164241
635 1.164259
636 1.164010
637 1.164152
638 1.163773
639 1.163951
640 1.163334
641 1.163796
642 1.164034
643 1.164971
644 1.164437
645 1.165185
646 1.165624
647 1.165641
648 1.164823
649 1.164407
650 1.164692
651 1.164829
652 1.165291
653 1.166193
654 1.166051
655 1.165072
656 1.164431
657 1.164235
658 1.164069
659 1.163405
660 1.161732
661 1.161204
662 1.161364
663 1.161346
664 1.161500
665 1.163411
666 1.163274
667 1.163251
668 1.163678
669 1.164218
670 1.163488
671 1.163862
672 1.164016
673 1.164265
674 1.165007
675 1.164218
676 1.164479
677 1.164876
678 1.164235
679 1.164051
680 1.163452
681 1.162883
682 1.162200
683 1.161631
684 1.161293
685 1.162272
686 1.162901
687 1.163517
688 1.163506
689 1.163429
690 1.163606
691 1.164556
692 1.164366
693 1.165274
694 1.165653
695 1.165392
696 1.165072
697 1.165297
698 1.164995
699 1.164396
700 1.164040
701 1.163470
702 1.163357
703 1.163684
704 1.164989
705 1.165315
706 1.166146
707 1.166881
708 1.167202
709 1.166330
710 1.165683
711 1.164935
712 1.164443
713 1.165333
714 1.165546
715 1.164781
716 1.164603
717 1.164289
718 1.164010
719 1.164923
720 1.165932
721 1.166027
722 1.166442
723 1.166045
724 1.165101
725 1.165392
726 1.165291
727 1.164609
728 1.165054
729 1.165072
730 1.165730
731 1.165920
732 1.166021
733 1.165279
734 1.165167
735 1.165558
736 1.166502
737 1.165321
738 1.165007
739 1.165357
740 1.165042
741 1.163856
742 1.163606
743 1.163850
744 1.163684
745 1.163470
746 1.163090
747 1.163440
748 1.163411
749 1.165042
750 1.164787
751 1.165107
752 1.165232
753 1.164360
754 1.164307
755 1.164407
756 1.163897
757 1.164443
758 1.163541
759 1.163274
760 1.161690
761 1.161014
762 1.160605
763 1.160261
764 1.161441
765 1.160984
766 1.160990
767 1.161228
768 1.160794
769 1.161251
770 1.160450
771 1.161156
772 1.161091
773 1.162106
774 1.161554
775 1.161406
776 1.162456
777 1.161744
778 1.161785
779 1.162604
780 1.162592
781 1.163529
782 1.163162
783 1.163589
784 1.163298
785 1.163286
786 1.163713
787 1.163506
788 1.163025
789 1.162794
790 1.161750
791 1.161394
792 1.161732
793 1.162153
794 1.162509
795 1.162568
796 1.162200
797 1.162295
798 1.162610
799 1.162254
800 1.162503
801 1.162556
802 1.161566
803 1.162361
804 1.162450
805 1.162218
806 1.163351
807 1.163286
808 1.162883
809 1.162503
810 1.162556
811 1.163067
812 1.161607
813 1.161661
814 1.160824
815 1.161056
816 1.161963
817 1.163203
818 1.162746
819 1.161833
820 1.162378
821 1.161708
822 1.160409
823 1.160533
824 1.161162
825 1.160824
826 1.161453
827 1.161560
828 1.160634
829 1.161530
830 1.161364
831 1.161821
832 1.162301
833 1.162082
834 1.162592
835 1.162367
836 1.161655
837 1.162598
838 1.162159
839 1.162076
840 1.164010
841 1.163790
842 1.163755
843 1.163820
844 1.164645
845 1.163203
846 1.163031
847 1.163506
848 1.163648
849 1.164004
850 1.163642
851 1.163494
852 1.163482
853 1.164301
854 1.163672
855 1.163980
856 1.163790
857 1.164283
858 1.162390
859 1.162106
860 1.161744
861 1.161856
862 1.161655
863 1.161465
864 1.161192
865 1.160783
866 1.161417
867 1.161156
868 1.160094
869 1.158582
870 1.159602
871 1.159940
872 1.160177
873 1.160302
874 1.161423
875 1.160545
876 1.160783
877 1.160961
878 1.160931
879 1.160433
880 1.159430
881 1.159596
882 1.158991
883 1.159976
884 1.160047
885 1.160510
886 1.160747
887 1.160504
888 1.160296
889 1.160172
890 1.159899
891 1.160830
892 1.161939
893 1.161370
894 1.161085
895 1.161115
896 1.162040
897 1.161281
898 1.161975
899 1.161845
900 1.162651
901 1.161999
902 1.162758
903 1.162159
904 1.162319
905 1.162266
906 1.163239
907 1.163695
908 1.163529
909 1.163749
910 1.164324
911 1.164158
912 1.163695
913 1.162545
914 1.162289
915 1.162200
916 1.162515
917 1.162865
918 1.163755
919 1.163755
920 1.165386
921 1.165374
922 1.166128
923 1.166377
924 1.166223
925 1.165659
926 1.165143
927 1.164757
928 1.164479
929 1.164704
930 1.163832
931 1.163654
932 1.162171
933 1.162367
934 1.162295
935 1.162206
936 1.161874
937 1.161934
938 1.160830
939 1.160023
940 1.160201
941 1.160919
942 1.160373
943 1.160433
944 1.160818
945 1.160967
946 1.161999
947 1.162390
948 1.162586
949 1.163001
950 1.164419
951 1.165096
952 1.164793
953 1.164502
954 1.164324
955 1.163962
956 1.164947
957 1.164413
958 1.164366
959 1.163927
960 1.163992
961 1.164544
962 1.164544
963 1.163292
964 1.162853
965 1.163173
966 1.163660
967 1.163138
968 1.163120
969 1.162918
970 1.161726
971 1.161702
972 1.161346
973 1.160439
974 1.160824
975 1.160166
976 1.159958
977 1.161376
978 1.160878
979 1.160361
980 1.160510
981 1.160919
982 1.162082
983 1.162254
984 1.162657
985 1.163666
986 1.163695
987 1.162752
988 1.163357
989 1.163606
990 1.163298
991 1.163340
992 1.163583
993 1.164051
994 1.163310
995 1.164390
996 1.164609
997 1.165161
998 1.164164
999 1.164579
1000 1.163962
1001 1.162835
1002 1.162592
1003 1.163992
1004 1.164028
1005 1.164229
1006 1.164870
1007 1.165042
1008 1.165499
1009 1.165766
1010 1.166881
1011 1.166407
1012 1.166703
1013 1.166424
1014 1.166614
1015 1.166223
1016 1.166045
1017 1.165357
1018 1.164069
1019 1.163529
1020 1.163049
1021 1.162100
1022 1.162111
1023 1.160996
1024 1.160533
1025 1.161678
1026 1.160504
1027 1.159460
1028 1.158724
1029 1.159335
1030 1.158190
1031 1.159169
1032 1.160516
1033 1.160397
1034 1.160100
1035 1.160231
1036 1.160794
1037 1.161103
1038 1.162147
1039 1.163019
1040 1.162687
1041 1.162705
1042 1.162740
1043 1.163215
1044 1.163517
1045 1.163381
1046 1.164366
1047 1.164508
1048 1.163695
1049 1.164384
1050 1.162889
1051 1.162307
1052 1.162592
1053 1.163090
1054 1.163292
1055 1.162521
1056 1.161945
1057 1.162432
1058 1.162189
1059 1.162325
1060 1.162408
1061 1.162669
1062 1.163120
1063 1.162918
1064 1.163796
1065 1.163749
1066 1.163784
1067 1.164134
1068 1.165060
1069 1.165552
1070 1.165333
1071 1.165736
1072 1.166685
1073 1.166116
1074 1.166970
1075 1.165226
1076 1.165564
1077 1.165612
1078 1.164995
1079 1.163690
1080 1.162663
1081 1.163784
1082 1.163037
1083 1.163784
1084 1.164781
1085 1.165285
1086 1.166341
1087 1.166282
1088 1.165807
1089 1.165552
1090 1.165802
1091 1.166822
1092 1.167546
1093 1.168204
1094 1.168258
1095 1.167736
1096 1.168097
1097 1.168501
1098 1.169492
1099 1.168056
1100 1.167362
1101 1.167391
1102 1.167925
1103 1.167558
1104 1.166353
1105 1.166513
1106 1.166306
1107 1.166193
1108 1.166063
1109 1.167397
1110 1.166276
1111 1.165926
1112 1.165440
1113 1.165374
1114 1.165546
1115 1.165392
1116 1.165226
1117 1.164265
1118 1.164508
1119 1.164674
1120 1.163980
1121 1.164710
1122 1.162889
1123 1.163452
1124 1.163725
1125 1.164336
1126 1.164811
1127 1.165001
1128 1.163868
1129 1.165309
1130 1.165327
1131 1.166110
1132 1.167469
1133 1.167474
1134 1.167243
1135 1.167801
1136 1.167231
1137 1.167706
1138 1.167706
1139 1.166009
1140 1.165167
1141 1.163957
1142 1.164057
1143 1.164728
1144 1.164105
1145 1.164372
1146 1.164396
1147 1.164010
1148 1.164508
1149 1.164627
1150 1.164455
1151 1.164170
1152 1.164170
1153 1.163731
1154 1.163731
1155 1.162497
1156 1.163482
1157 1.163233
1158 1.163423
1159 1.163802
1160 1.164645
1161 1.165262
1162 1.164538
1163 1.164265
1164 1.165677
1165 1.165594
1166 1.165012
1167 1.164307
1168 1.164051
1169 1.164123
1170 1.163690
1171 1.164526
1172 1.165867
1173 1.165742
1174 1.164882
1175 1.165101
1176 1.164123
1177 1.164206
1178 1.164372
1179 1.165475
1180 1.165262
1181 1.164876
1182 1.165695
1183 1.165505
1184 1.165428
1185 1.164912
1186 1.164894
1187 1.164271
1188 1.163885
1189 1.164140
1190 1.163636
1191 1.162817
1192 1.163274
1193 1.163862
1194 1.163256
1195 1.163630
1196 1.164431
1197 1.163132
1198 1.163856
1199 1.164775
1200 1.164342
1201 1.163701
1202 1.163660
1203 1.163832
1204 1.163322
1205 1.163506
1206 1.164467
1207 1.162829
1208 1.163743
1209 1.163423
1210 1.163138
1211 1.163387
1212 1.163179
1213 1.162373
1214 1.163203
1215 1.163636
1216 1.164508
1217 1.164004
1218 1.163951
1219 1.164941
1220 1.165546
1221 1.166086
1222 1.166460
1223 1.165505
1224 1.165090
1225 1.165173
1226 1.164668
1227 1.164829
1228 1.164484
1229 1.164496
1230 1.163695
1231 1.164657
1232 1.165107
1233 1.165671
1234 1.164579
1235 1.164425
1236 1.164597
1237 1.164259
1238 1.165084
1239 1.165285
1240 1.164657
1241 1.164484
1242 1.164556
1243 1.165398
1244 1.165363
1245 1.165564
1246 1.165671
1247 1.167047
1248 1.167599
1249 1.167783
1250 1.167854
1251 1.167124
1252 1.166828
1253 1.166929
1254 1.167000
1255 1.167071
1256 1.166104
1257 1.166359
1258 1.166395
1259 1.166110
1260 1.166674
1261 1.165594
1262 1.165048
1263 1.164870
1264 1.164206
1265 1.164241
1266 1.163755
1267 1.163517
1268 1.163713
1269 1.164022
1270 1.163986
1271 1.164799
1272 1.164977
1273 1.164164
1274 1.163868
1275 1.165368
1276 1.164769
1277 1.165807
1278 1.166638
1279 1.166015
1280 1.166324
1281 1.166181
1282 1.165962
1283 1.165024
1284 1.165232
1285 1.165244
1286 1.164657
1287 1.163636
1288 1.164045
1289 1.164253
1290 1.162657
1291 1.163529
1292 1.163796
1293 1.162610
1294 1.161317
1295 1.162135
1296 1.162758
1297 1.162373
1298 1.162728
1299 1.162853
1300 1.162812
1301 1.162764
1302 1.162645
1303 1.163203
1304 1.162628
1305 1.162123
1306 1.162337
1307 1.162960
1308 1.161589
1309 1.161750
1310 1.160753
1311 1.160711
1312 1.160183
1313 1.159857
1314 1.160243
1315 1.159371
1316 1.159602
1317 1.159922
1318 1.160409
1319 1.160949
1320 1.161554
1321 1.162106
1322 1.161886
1323 1.162568
1324 1.162135
1325 1.162479
1326 1.162094
1327 1.162058
1328 1.162580
1329 1.161850
1330 1.161827
1331 1.161750
1332 1.161963
1333 1.162034
1334 1.162663
1335 1.162533
1336 1.163802
1337 1.163559
1338 1.164289
1339 1.164028
1340 1.164140
1341 1.163464
1342 1.163903
1343 1.163897
1344 1.164099
1345 1.164728
1346 1.164698
1347 1.165368
1348 1.165220
1349 1.164840
1350 1.163601
1351 1.163873
1352 1.163701
1353 1.163369
1354 1.163138
1355 1.163037
1356 1.163185
1357 1.162990
1358 1.163423
1359 1.163719
1360 1.163090
1361 1.162782
1362 1.163494
1363 1.163280
1364 1.163767
1365 1.162123
1366 1.162284
1367 1.161892
1368 1.163013
1369 1.163571
1370 1.164751
1371 1.165641
1372 1.165985
1373 1.165535
1374 1.165535
1375 1.165285
1376 1.165742
1377 1.166045
1378 1.165481
1379 1.165867
1380 1.165499
1381 1.164775
1382 1.164413
1383 1.165760
1384 1.165446
1385 1.164639
1386 1.164105
1387 1.164562
1388 1.163179
1389 1.163084
1390 1.160913
1391 1.160872
1392 1.161210
1393 1.161417
1394 1.161204
1395 1.161690
1396 1.161322
1397 1.160166
1398 1.159887
1399 1.160367
1400 1.160118
1401 1.158872
1402 1.158647
1403 1.159762
1404 1.160533
1405 1.160373
1406 1.160100
1407 1.160195
1408 1.160142
1409 1.160249
1410 1.161222
1411 1.160682
1412 1.160296
1413 1.161085
1414 1.161773
1415 1.162266
1416 1.162236
1417 1.161210
1418 1.162070
1419 1.163013
1420 1.162930
1421 1.163262
1422 1.162604
1423 1.162995
1424 1.163962
1425 1.162829
1426 1.163601
1427 1.163482
1428 1.164360
1429 1.163245
1430 1.164051
1431 1.164929
1432 1.165653
1433 1.165825
1434 1.166958
1435 1.165588
1436 1.165885
1437 1.165523
1438 1.164989
1439 1.165007
1440 1.166057
1441 1.166318
1442 1.166134
1443 1.165724
1444 1.164354
1445 1.163957
1446 1.163737
1447 1.164568
1448 1.164953
1449 1.164556
1450 1.164223
1451 1.165404
1452 1.165173
1453 1.165262
1454 1.165517
1455 1.166306
1456 1.165196
1457 1.165624
1458 1.167374
1459 1.167635
1460 1.166312
1461 1.164639
1462 1.164152
1463 1.163968
1464 1.164022
1465 1.163298
1466 1.162248
1467 1.163423
1468 1.163381
1469 1.162414
1470 1.163084
1471 1.163945
1472 1.163369
1473 1.164265
1474 1.164063
1475 1.164662
1476 1.164045
1477 1.163767
1478 1.163227
1479 1.164188
1480 1.164568
1481 1.164063
1482 1.164158
1483 1.163707
1484 1.163666
1485 1.165487
1486 1.165214
1487 1.164437
1488 1.163417
1489 1.163411
1490 1.163393
1491 1.164022
1492 1.165321
1493 1.164651
1494 1.164140
1495 1.164550
1496 1.165392
1497 1.165339
1498 1.165345
1499 1.165624
1500 1.166276
1501 1.167445
1502 1.167380
1503 1.168287
1504 1.167694
1505 1.166668
1506 1.166685
1507 1.165511
1508 1.166383
1509 1.167018
1510 1.166994
1511 1.167208
1512 1.167931
1513 1.167866
1514 1.167267
1515 1.168091
1516 1.167273
1517 1.167439
1518 1.166496
1519 1.167546
1520 1.168869
1521 1.168471
1522 1.169557
1523 1.168572
1524 1.167569
1525 1.167581
1526 1.167225
1527 1.168281
1528 1.167937
1529 1.168364
1530 1.167261
1531 1.166496
1532 1.166840
1533 1.167581
1534 1.166774
1535 1.166958
1536 1.166537
1537 1.165879
1538 1.166199
1539 1.165885
1540 1.166235
1541 1.165274
1542 1.165428
1543 1.165202
1544 1.165790
1545 1.165321
1546 1.165778
1547 1.166988
1548 1.167231
1549 1.165950
1550 1.166252
1551 1.167308
1552 1.167024
1553 1.167807
1554 1.167457
1555 1.167279
1556 1.167237
1557 1.167896
1558 1.167747
1559 1.167415
1560 1.167332
1561 1.168572
1562 1.168958
1563 1.168649
1564 1.168987
1565 1.170025
1566 1.170352
1567 1.169788
1568 1.169776
1569 1.169889
1570 1.169545
1571 1.168904
1572 1.168263
1573 1.168922
1574 1.168880
1575 1.168851
1576 1.169201
1577 1.167558
1578 1.167611
1579 1.167908
1580 1.167896
1581 1.168269
1582 1.167902
1583 1.168216
1584 1.168210
1585 1.167581
1586 1.168032
1587 1.167136
1588 1.166424
1589 1.166442
1590 1.166958
1591 1.166531
1592 1.166585
1593 1.166407
1594 1.165683
1595 1.165879
1596 1.166709
1597 1.167480
1598 1.167065
1599 1.167498
1600 1.168032
1601 1.167018
1602 1.167012
1603 1.166300
1604 1.166312
1605 1.165416
1606 1.165600
1607 1.164781
1608 1.164817
1609 1.165274
1610 1.165137
1611 1.166086
1612 1.165730
1613 1.166804
1614 1.168038
1615 1.167089
1616 1.166674
1617 1.165885
1618 1.166063
1619 1.165446
1620 1.164977
1621 1.164117
1622 1.163743
1623 1.164004
1624 1.164117
1625 1.164900
1626 1.164330
1627 1.164840
1628 1.164835
1629 1.166086
1630 1.165582
1631 1.166104
1632 1.166306
1633 1.165890
1634 1.165671
1635 1.164835
1636 1.164710
1637 1.164544
1638 1.164134
1639 1.162990
1640 1.162556
1641 1.162123
1642 1.160676
1643 1.160652
1644 1.161317
1645 1.160925
1646 1.162064
1647 1.161981
1648 1.162723
1649 1.162687
1650 1.163280
1651 1.163286
1652 1.162515
1653 1.162764
1654 1.163316
1655 1.163850
1656 1.164906
1657 1.164443
1658 1.165434
1659 1.165036
1660 1.165754
1661 1.165422
1662 1.166122
1663 1.166134
1664 1.165885
1665 1.167504
1666 1.166478
1667 1.165333
1668 1.166175
1669 1.166021
1670 1.166163
1671 1.165920
1672 1.166134
1673 1.166573
1674 1.166567
1675 1.167285
1676 1.167724
1677 1.167403
1678 1.167789
1679 1.166460
1680 1.166223
1681 1.165730
1682 1.165232
1683 1.165796
1684 1.166306
1685 1.165831
1686 1.165386
1687 1.165612
1688 1.166068
1689 1.165517
1690 1.165683
1691 1.165357
1692 1.165398
1693 1.165665
1694 1.165843
1695 1.164734
1696 1.165612
1697 1.165784
1698 1.165048
1699 1.164668
1700 1.166140
1701 1.164977
1702 1.165131
1703 1.165535
1704 1.164763
1705 1.165374
1706 1.165392
1707 1.165481
1708 1.165629
1709 1.165606
1710 1.166413
1711 1.167124
1712 1.166715
1713 1.166537
1714 1.167403
1715 1.168086
1716 1.166507
1717 1.167065
1718 1.166887
1719 1.167012
1720 1.167071
1721 1.166869
1722 1.165736
1723 1.164823
1724 1.164728
1725 1.163666
1726 1.163417
1727 1.163820
1728 1.163690
1729 1.163672
1730 1.164621
1731 1.164467
1732 1.163660
1733 1.162847
1734 1.162918
1735 1.163268
1736 1.162912
1737 1.162242
1738 1.161489
1739 1.160593
1740 1.161073
1741 1.160106
1742 1.160901
1743 1.160628
1744 1.161056
1745 1.160741
1746 1.161862
1747 1.162462
1748 1.161928
1749 1.161560
1750 1.161643
1751 1.162723
1752 1.163334
1753 1.162889
1754 1.161595
1755 1.161655
1756 1.162367
1757 1.161483
1758 1.161222
1759 1.161400
1760 1.162301
1761 1.162100
1762 1.163268
1763 1.163221
1764 1.163695
1765 1.163909
1766 1.163968
1767 1.164051
1768 1.163547
1769 1.163013
1770 1.163482
1771 1.163150
1772 1.163090
1773 1.162462
1774 1.162325
1775 1.162984
1776 1.162319
1777 1.162462
1778 1.162954
1779 1.163571
1780 1.163090
1781 1.162960
1782 1.163286
1783 1.164093
1784 1.162918
1785 1.162912
1786 1.163262
1787 1.163784
1788 1.163458
1789 1.162841
1790 1.162960
1791 1.163933
1792 1.164366
1793 1.165784
1794 1.164716
1795 1.164751
1796 1.163292
1797 1.162865
1798 1.162301
1799 1.162788
1800 1.161821
1801 1.161560
1802 1.161892
1803 1.162171
1804 1.161500
1805 1.161928
1806 1.162331
1807 1.162711
1808 1.162717
1809 1.162592
1810 1.163286
1811 1.163630
1812 1.163909
1813 1.164247
1814 1.162995
1815 1.164134
1816 1.165600
1817 1.166935
1818 1.166276
1819 1.165505
1820 1.164496
1821 1.164852
1822 1.164229
1823 1.163873
1824 1.163773
1825 1.163909
1826 1.164176
1827 1.163725
1828 1.163529
1829 1.163411
1830 1.164271
1831 1.164164
1832 1.163773
1833 1.164289
1834 1.164532
1835 1.164562
1836 1.164247
1837 1.162806
1838 1.162901
1839 1.162883
1840 1.162183
1841 1.162568
1842 1.162817
1843 1.162384
1844 1.162574
1845 1.162550
1846 1.162165
1847 1.162224
1848 1.163102
1849 1.162515
1850 1.162123
1851 1.161198
1852 1.161471
1853 1.161044
1854 1.161038
1855 1.161079
1856 1.160711
1857 1.160711
1858 1.161056
1859 1.161459
1860 1.161299
1861 1.162272
1862 1.162806
1863 1.162545
1864 1.162616
1865 1.161714
1866 1.162307
1867 1.163150
1868 1.163986
1869 1.163891
1870 1.164283
1871 1.165137
1872 1.164378
1873 1.163838
1874 1.163541
1875 1.163743
1876 1.163381
1877 1.163156
1878 1.163286
1879 1.163541
1880 1.163334
1881 1.163043
1882 1.163494
1883 1.164004
1884 1.164538
1885 1.164906
1886 1.163838
1887 1.164455
1888 1.164799
1889 1.164971
1890 1.164164
1891 1.164544
1892 1.165048
1893 1.164455
1894 1.163850
1895 1.163755
1896 1.163523
1897 1.162948
1898 1.163470
1899 1.163945
1900 1.164063
1901 1.165101
1902 1.165653
1903 1.166466
1904 1.165345
1905 1.166068
1906 1.166709
1907 1.167172
1908 1.167445
1909 1.167848
1910 1.167166
1911 1.167985
1912 1.167320
1913 1.167919
1914 1.167575
1915 1.167771
1916 1.168335
1917 1.168839
1918 1.168791
1919 1.168536
1920 1.168952
1921 1.168803
1922 1.168394
1923 1.169100
1924 1.168477
1925 1.167973
1926 1.168026
1927 1.167724
1928 1.168703
1929 1.168424
1930 1.166662
1931 1.166840
1932 1.166579
1933 1.164235
1934 1.163061
1935 1.163334
1936 1.163334
1937 1.163684
1938 1.164348
1939 1.163601
1940 1.164425
1941 1.164680
1942 1.165564
1943 1.165529
1944 1.165451
1945 1.165766
1946 1.165558
1947 1.166442
1948 1.165938
1949 1.166009
1950 1.166294
1951 1.166496
1952 1.166513
1953 1.165861
1954 1.164639
1955 1.163885
1956 1.164473
1957 1.164817
1958 1.164876
1959 1.164556
1960 1.163903
1961 1.164396
1962 1.164348
1963 1.164158
1964 1.163945
1965 1.164123
1966 1.163535
1967 1.163156
1968 1.163541
1969 1.163429
1970 1.163262
1971 1.163808
1972 1.163589
1973 1.164401
1974 1.163927
1975 1.165155
1976 1.163642
1977 1.164307
1978 1.164348
1979 1.162984
1980 1.163073
1981 1.162740
1982 1.160794
1983 1.160854
1984 1.161162
1985 1.162100
1986 1.162094
1987 1.161815
1988 1.162343
1989 1.162438
1990 1.161560
1991 1.161661
1992 1.160972
1993 1.161038
1994 1.162189
1995 1.162367
1996 1.162906
1997 1.163589
1998 1.164028
1999 1.163974
2000 1.163773
2001 1.163541
2002 1.164111
2003 1.164579
2004 1.163832
2005 1.163648
2006 1.162260
2007 1.161785
2008 1.162349
2009 1.162088
2010 1.162895
2011 1.162023
2012 1.162331
2013 1.163120
2014 1.163897
2015 1.164372
2016 1.163434
2017 1.162835
2018 1.163084
2019 1.162817
2020 1.163351
2021 1.163885
2022 1.163494
2023 1.163073
2024 1.162847
2025 1.163695
2026 1.163345
2027 1.163197
2028 1.162806
2029 1.162740
2030 1.162289
2031 1.162450
2032 1.162539
2033 1.162634
2034 1.163120
2035 1.162942
2036 1.162503
2037 1.161773
2038 1.161910
2039 1.160949
2040 1.161400
2041 1.160854
2042 1.160361
2043 1.161044
2044 1.161791
2045 1.162159
2046 1.161702
2047 1.161471
2048 1.162278
2049 1.162284
2050 1.163998
2051 1.164923
2052 1.165214
2053 1.165968
2054 1.166496
2055 1.167041
2056 1.167516
2057 1.167617
2058 1.167296
2059 1.166780
2060 1.165997
2061 1.166027
2062 1.165760
2063 1.166033
2064 1.165345
2065 1.165090
2066 1.165386
2067 1.165238
2068 1.166175
2069 1.167291
2070 1.167338
2071 1.166116
2072 1.165451
2073 1.165594
2074 1.165653
2075 1.164953
2076 1.164995
2077 1.165214
2078 1.164870
2079 1.164662
2080 1.164188
2081 1.163173
2082 1.163725
2083 1.163589
2084 1.163630
2085 1.164146
2086 1.163844
2087 1.163292
2088 1.162556
2089 1.162634
2090 1.162183
2091 1.162752
2092 1.163292
2093 1.162924
2094 1.163090
2095 1.162574
2096 1.161495
2097 1.161833
2098 1.163464
2099 1.162337
2100 1.161951
2101 1.162723
2102 1.162200
2103 1.162889
2104 1.162651
2105 1.162390
2106 1.162248
2107 1.162610
2108 1.161928
2109 1.161714
2110 1.161916
2111 1.162005
2112 1.161856
2113 1.161975
2114 1.161417
2115 1.161204
2116 1.160041
2117 1.158611
2118 1.159098
2119 1.158665
2120 1.158611
2121 1.158967
2122 1.159590
2123 1.159893
2124 1.159418
2125 1.159383
2126 1.159958
2127 1.159288
2128 1.159228
2129 1.159994
2130 1.160860
2131 1.160177
2132 1.159655
2133 1.160350
2134 1.160688
2135 1.161109
2136 1.160688
2137 1.159768
2138 1.159139
2139 1.159151
2140 1.157514
2141 1.158006
2142 1.157965
2143 1.158855
2144 1.157982
2145 1.158914
2146 1.160955
2147 1.160872
2148 1.161400
2149 1.162266
2150 1.162414
2151 1.163078
2152 1.162325
2153 1.161963
2154 1.162254
2155 1.161453
2156 1.161495
2157 1.161257
2158 1.161382
2159 1.162117
2160 1.163019
2161 1.163411
2162 1.163891
2163 1.164781
2164 1.164989
2165 1.164123
2166 1.164307
2167 1.163393
2168 1.163073
2169 1.162978
2170 1.163606
2171 1.163998
2172 1.163256
2173 1.163725
2174 1.164295
2175 1.164662
2176 1.164882
2177 1.166092
2178 1.166573
2179 1.167101
2180 1.167166
2181 1.165944
2182 1.166324
2183 1.165985
2184 1.165885
2185 1.165410
2186 1.165938
2187 1.166104
2188 1.165410
2189 1.164698
2190 1.164223
2191 1.163962
2192 1.164692
2193 1.165588
2194 1.165274
2195 1.164573
2196 1.164912
2197 1.164781
2198 1.165380
2199 1.164757
2200 1.165226
2201 1.165493
2202 1.166116
2203 1.166258
2204 1.165796
2205 1.166086
2206 1.166353
2207 1.166579
2208 1.165997
2209 1.166193
2210 1.166401
2211 1.167018
2212 1.166377
2213 1.167635
2214 1.167474
2215 1.167759
2216 1.167202
2217 1.166229
2218 1.167041
2219 1.167261
2220 1.165979
2221 1.166413
2222 1.165540
2223 1.165155
2224 1.164858
2225 1.164508
2226 1.164455
2227 1.164396
2228 1.164028
2229 1.163624
2230 1.163423
2231 1.163666
2232 1.162770
2233 1.161797
2234 1.161625
2235 1.162111
2236 1.161957
2237 1.163322
2238 1.163868
2239 1.164057
2240 1.164301
2241 1.165244
2242 1.165529
2243 1.164793
2244 1.164289
2245 1.163535
2246 1.163660
2247 1.164799
2248 1.163945
2249 1.163773
2250 1.164372
2251 1.165279
2252 1.166045
2253 1.165535
2254 1.165724
2255 1.165968
2256 1.165944
2257 1.164888
2258 1.165024
2259 1.165291
2260 1.164674
2261 1.165101
2262 1.164645
2263 1.165434
2264 1.165018
2265 1.165446
2266 1.166502
2267 1.166573
2268 1.166626
2269 1.166757
2270 1.166769
2271 1.166401
2272 1.166614
2273 1.168014
2274 1.168697
2275 1.168863
2276 1.168447
2277 1.168180
2278 1.167789
2279 1.167261
2280 1.166757
2281 1.167682
2282 1.167273
2283 1.166863
2284 1.167273
2285 1.167124
2286 1.166857
2287 1.166045
2288 1.165232
2289 1.165837
2290 1.165879
2291 1.166852
2292 1.167522
2293 1.167522
2294 1.168269
2295 1.168157
2296 1.167706
2297 1.168655
2298 1.168115
2299 1.168685
2300 1.168869
2301 1.168851
2302 1.169058
2303 1.168121
2304 1.169153
2305 1.167872
2306 1.167866
2307 1.167148
2308 1.166009
2309 1.166063
2310 1.165760
2311 1.166341
2312 1.167196
2313 1.167083
2314 1.166941
2315 1.166033
2316 1.166086
2317 1.166644
2318 1.165962
2319 1.167617
2320 1.167433
2321 1.165885
2322 1.166549
2323 1.166822
2324 1.166662
2325 1.165677
2326 1.165849
2327 1.167510
2328 1.168655
2329 1.169586
2330 1.169361
2331 1.170197
2332 1.169100
2333 1.169112
2334 1.168525
2335 1.168845
2336 1.167492
2337 1.166549
2338 1.167285
2339 1.167403
2340 1.167694
2341 1.167285
2342 1.166579
2343 1.167356
2344 1.166703
2345 1.165950
2346 1.165855
2347 1.166614
2348 1.167065
2349 1.166739
2350 1.165825
2351 1.165991
2352 1.166270
2353 1.166294
2354 1.165315
2355 1.164953
2356 1.164111
2357 1.164562
2358 1.165179
2359 1.165321
2360 1.164852
2361 1.165879
2362 1.166739
2363 1.166312
2364 1.166104
2365 1.167095
2366 1.166573
2367 1.165517
2368 1.165612
2369 1.165641
2370 1.165469
2371 1.164959
2372 1.164977
2373 1.164716
2374 1.164348
2375 1.164129
2376 1.164134
2377 1.163423
2378 1.162865
2379 1.164532
2380 1.164087
2381 1.164894
2382 1.165101
2383 1.165161
2384 1.164312
2385 1.163737
2386 1.164259
2387 1.162990
2388 1.164265
2389 1.163707
2390 1.163820
2391 1.163102
2392 1.162936
2393 1.163102
2394 1.163452
2395 1.162634
2396 1.161198
2397 1.162699
2398 1.162420
2399 1.162100
2400 1.162373
2401 1.161245
2402 1.160866
2403 1.160854
2404 1.160290
2405 1.160765
2406 1.160984
2407 1.161198
2408 1.160747
2409 1.161821
2410 1.161975
2411 1.161892
2412 1.162414
2413 1.162545
2414 1.163108
2415 1.164016
2416 1.163749
2417 1.164265
2418 1.163850
2419 1.164081
2420 1.164413
2421 1.164532
2422 1.164805
2423 1.165677
2424 1.165991
2425 1.166157
2426 1.166620
2427 1.165523
2428 1.165072
2429 1.165772
2430 1.164817
2431 1.165007
2432 1.165196
2433 1.164882
2434 1.165238
2435 1.165268
2436 1.165677
2437 1.166086
2438 1.166033
2439 1.166294
2440 1.166798
2441 1.167890
2442 1.167747
2443 1.167997
2444 1.167160
2445 1.167985
2446 1.168430
2447 1.169586
2448 1.169029
2449 1.169569
2450 1.167997
2451 1.167308
2452 1.167142
2453 1.167219
2454 1.168086
2455 1.167563
2456 1.166994
2457 1.167516
2458 1.166620
2459 1.166929
2460 1.165784
2461 1.166395
2462 1.166288
2463 1.166496
2464 1.166555
2465 1.166638
2466 1.166282
2467 1.166857
2468 1.166816
2469 1.167196
2470 1.167563
2471 1.167006
2472 1.166846
2473 1.166152
2474 1.167018
2475 1.167024
2476 1.164906
2477 1.165250
2478 1.165653
2479 1.166608
2480 1.166122
2481 1.166205
2482 1.166068
2483 1.165707
2484 1.165161
2485 1.165339
2486 1.166466
2487 1.165802
2488 1.166620
2489 1.166199
2490 1.166015
2491 1.166027
2492 1.166300
2493 1.165796
2494 1.166074
2495 1.164680
2496 1.163417
2497 1.162289
2498 1.162367
2499 1.162230
2500 1.162272
2501 1.162794
2502 1.163690
2503 1.164016
2504 1.164496
2505 1.165220
2506 1.166507
2507 1.166585
2508 1.166941
2509 1.166418
2510 1.167902
2511 1.167991
2512 1.168121
2513 1.167474
2514 1.166223
2515 1.166413
2516 1.166543
2517 1.166430
2518 1.167516
2519 1.166543
2520 1.166430
2521 1.166335
2522 1.165914
2523 1.166573
2524 1.165748
2525 1.166003
2526 1.165748
2527 1.165291
2528 1.166187
2529 1.166531
2530 1.166300
2531 1.165689
2532 1.165736
2533 1.165493
2534 1.166608
2535 1.166875
2536 1.166994
2537 1.166507
2538 1.166780
2539 1.166644
2540 1.166110
2541 1.165879
2542 1.165363
2543 1.166092
2544 1.165962
2545 1.165748
2546 1.165546
2547 1.165683
2548 1.166330
2549 1.166472
2550 1.165214
2551 1.164218
2552 1.165096
2553 1.165410
2554 1.165274
2555 1.163832
2556 1.165066
2557 1.164674
2558 1.165363
2559 1.165113
2560 1.164467
2561 1.164200
2562 1.163648
2563 1.164508
2564 1.165493
2565 1.166068
2566 1.165760
2567 1.165938
2568 1.166027
2569 1.166810
2570 1.167587
2571 1.168418
2572 1.168382
2573 1.168103
2574 1.166513
2575 1.166098
2576 1.166068
2577 1.165890
2578 1.165564
2579 1.165404
2580 1.166223
2581 1.166602
2582 1.167083
2583 1.167368
2584 1.167142
2585 1.166424
2586 1.167160
2587 1.166122
2588 1.164301
2589 1.164751
2590 1.164763
2591 1.164413
2592 1.165558
2593 1.165487
2594 1.164775
2595 1.165451
2596 1.165101
2597 1.165345
2598 1.164817
2599 1.164301
2600 1.164134
2601 1.162764
2602 1.162889
2603 1.161672
2604 1.161429
2605 1.161162
2606 1.161655
2607 1.162639
2608 1.162313
2609 1.162355
2610 1.161744
2611 1.162058
2612 1.162889
2613 1.165066
2614 1.165072
2615 1.164900
2616 1.165024
2617 1.165588
2618 1.166175
2619 1.166840
2620 1.166324
2621 1.166846
2622 1.166092
2623 1.165576
2624 1.164443
2625 1.164995
2626 1.165386
2627 1.165101
2628 1.164918
2629 1.165113
2630 1.164348
2631 1.164633
2632 1.163921
2633 1.164443
2634 1.164716
2635 1.165345
2636 1.164603
2637 1.164514
2638 1.164894
2639 1.166312
2640 1.166199
2641 1.165665
2642 1.165635
2643 1.164935
2644 1.164728
2645 1.164781
2646 1.164929
2647 1.164372
2648 1.165042
2649 1.165072
2650 1.165327
2651 1.165297
2652 1.164218
2653 1.164508
2654 1.164858
2655 1.164941
2656 1.165107
2657 1.164918
2658 1.165635
2659 1.165137
2660 1.164247
2661 1.163464
2662 1.163150
2663 1.162657
2664 1.163108
2665 1.163203
2666 1.163909
2667 1.164965
2668 1.166181
2669 1.166318
2670 1.164906
2671 1.165885
2672 1.166513
2673 1.166063
2674 1.166217
2675 1.166418
2676 1.166828
2677 1.166745
2678 1.167623
2679 1.166252
2680 1.165618
2681 1.164692
2682 1.164194
2683 1.163844
2684 1.163340
2685 1.162859
2686 1.162990
2687 1.162717
2688 1.161726
2689 1.162420
2690 1.161489
2691 1.162301
2692 1.162628
2693 1.162284
2694 1.161928
2695 1.161127
2696 1.161744
2697 1.161613
2698 1.161726
2699 1.162586
2700 1.163340
2701 1.163885
2702 1.163369
2703 1.164010
2704 1.163850
2705 1.164532
2706 1.165908
2707 1.165612
2708 1.165908
2709 1.166235
2710 1.166531
2711 1.167243
2712 1.167973
2713 1.167492
2714 1.167077
2715 1.167510
2716 1.166691
2717 1.165796
2718 1.165048
2719 1.164751
2720 1.164188
2721 1.164158
2722 1.164597
2723 1.164645
2724 1.165624
2725 1.165760
2726 1.165754
2727 1.167006
2728 1.166656
2729 1.166935
2730 1.167006
2731 1.167694
2732 1.167344
2733 1.166324
2734 1.165772
2735 1.166264
2736 1.165938
2737 1.165784
2738 1.165274
2739 1.165238
2740 1.165606
2741 1.165244
2742 1.165054
2743 1.165321
2744 1.165321
2745 1.165718
2746 1.164490
2747 1.165315
2748 1.164223
2749 1.164686
2750 1.164384
2751 1.164390
2752 1.164882
2753 1.165398
2754 1.165540
2755 1.166561
2756 1.166080
2757 1.166110
2758 1.165238
2759 1.165214
2760 1.165724
2761 1.165523
2762 1.164888
2763 1.163945
2764 1.164283
2765 1.164668
2766 1.165920
2767 1.165440
2768 1.166484
2769 1.166080
2770 1.165457
2771 1.165618
2772 1.165677
2773 1.165137
2774 1.165303
2775 1.165090
2776 1.163980
2777 1.163363
2778 1.164016
2779 1.164330
2780 1.162622
2781 1.162616
2782 1.162930
2783 1.162325
2784 1.162734
2785 1.162023
2786 1.161839
2787 1.163529
2788 1.163446
2789 1.163452
2790 1.163606
2791 1.162764
2792 1.162936
2793 1.163737
2794 1.163957
2795 1.163606
2796 1.164218
2797 1.165155
2798 1.165564
2799 1.166181
2800 1.166555
2801 1.166614
2802 1.166739
2803 1.166330
2804 1.165855
2805 1.165137
2806 1.164449
2807 1.163915
2808 1.164496
2809 1.164034
2810 1.163909
2811 1.163684
2812 1.163334
2813 1.163779
2814 1.163405
2815 1.163446
2816 1.162539
2817 1.162123
2818 1.163589
2819 1.163903
2820 1.163073
2821 1.162794
2822 1.162604
2823 1.161987
2824 1.162378
2825 1.163286
2826 1.163274
2827 1.162639
2828 1.162788
2829 1.163298
2830 1.163553
2831 1.163630
2832 1.163280
2833 1.163298
2834 1.165060
2835 1.165469
2836 1.165879
2837 1.165665
2838 1.165558
2839 1.165190
2840 1.165285
2841 1.165760
2842 1.165380
2843 1.164152
2844 1.163820
2845 1.163761
2846 1.163096
2847 1.162705
2848 1.161963
2849 1.161216
2850 1.160237
2851 1.160320
2852 1.160789
2853 1.161619
2854 1.161133
2855 1.161222
2856 1.161922
2857 1.163221
2858 1.163891
2859 1.163802
2860 1.164698
2861 1.165333
2862 1.165600
2863 1.164407
2864 1.164906
2865 1.164105
2866 1.164057
2867 1.163903
2868 1.164544
2869 1.163879
2870 1.163945
2871 1.164212
2872 1.163043
2873 1.163773
2874 1.163256
2875 1.162450
2876 1.162064
2877 1.163369
2878 1.162859
2879 1.163612
2880 1.163209
2881 1.162390
2882 1.163227
2883 1.163761
2884 1.163541
2885 1.163334
2886 1.163915
2887 1.162728
2888 1.163547
2889 1.163951
2890 1.163399
2891 1.162734
2892 1.163334
2893 1.163316
2894 1.164069
2895 1.164751
2896 1.163796
2897 1.164401
2898 1.164971
2899 1.165695
2900 1.166561
2901 1.166157
2902 1.166828
2903 1.167249
2904 1.166852
2905 1.168815
2906 1.169367
2907 1.169165
2908 1.168293
2909 1.168020
2910 1.168044
2911 1.168483
2912 1.167866
2913 1.166840
2914 1.167059
2915 1.166466
2916 1.166911
2917 1.166917
2918 1.167403
2919 1.167741
2920 1.167587
2921 1.168614
2922 1.168447
2923 1.167842
2924 1.168685
2925 1.167356
2926 1.166513
2927 1.166561
2928 1.165594
2929 1.166152
2930 1.165819
2931 1.166561
2932 1.167314
2933 1.168471
2934 1.167908
2935 1.168981
2936 1.168424
2937 1.168833
2938 1.168958
2939 1.168335
2940 1.168572
2941 1.167403
2942 1.167563
2943 1.167902
2944 1.167664
2945 1.166490
2946 1.167101
2947 1.167617
2948 1.168216
2949 1.168151
2950 1.167380
2951 1.166958
2952 1.167249
2953 1.167172
2954 1.167908
2955 1.168056
2956 1.166680
2957 1.166715
2958 1.167474
2959 1.167985
2960 1.167427
2961 1.167077
2962 1.166371
2963 1.166976
2964 1.167035
2965 1.166905
2966 1.167178
2967 1.167018
2968 1.167113
2969 1.167540
2970 1.168192
2971 1.169017
2972 1.167872
2973 1.165807
2974 1.165885
2975 1.165802
2976 1.164562
2977 1.164935
2978 1.164206
2979 1.164176
2980 1.162817
2981 1.162930
2982 1.163292
2983 1.164051
2984 1.164330
2985 1.164645
2986 1.163429
2987 1.163458
2988 1.163909
2989 1.164864
2990 1.165968
2991 1.166792
2992 1.166680
2993 1.166952
2994 1.166691
2995 1.166478
2996 1.167065
2997 1.167356
2998 1.167285
2999 1.166632
3000 1.166401
