1 1.163553
2 1.149772
3 1.141680
4 1.134407
5 1.129121
6 1.123532
7 1.118703
8 1.113299
9 1.107770
10 1.102739
11 1.096676
12 1.090382
13 1.085214
14 1.080267
15 1.075592
16 1.069950
17 1.065180
18 1.060595
19 1.056394
20 1.053102
21 1.049311
22 1.045425
23 1.042382
24 1.038787
25 1.036254
26 1.033536
27 1.029852
28 1.028227
29 1.026210
30 1.024027
31 1.021986
32 1.021108
33 1.019417
34 1.017649
35 1.015377
36 1.014944
37 1.013289
38 1.013330
39 1.012280
40 1.011622
41 1.009462
42 1.009255
43 1.008602
44 1.007196
45 1.006532
46 1.005446
47 1.003927
48 1.003791
49 1.003293
50 1.003921
51 1.003999
52 1.004248
53 1.003904
54 1.004799
55 1.005582
56 1.006496
57 1.006514
58 1.006983
59 1.007825
60 1.008656
61 1.009225
62 1.009824
63 1.011248
64 1.012179
65 1.012832
66 1.014404
67 1.014956
68 1.015644
69 1.017465
70 1.020111
71 1.021096
72 1.022354
73 1.023350
74 1.023688
75 1.025053
76 1.025551
77 1.026756
78 1.027289
79 1.027562
80 1.028547
81 1.030167
82 1.030629
83 1.032154
84 1.032706
85 1.034355
86 1.034735
87 1.035767
88 1.037499
89 1.039006
90 1.040412
91 1.040958
92 1.043301
93 1.043693
94 1.045704
95 1.047703
96 1.048908
97 1.050349
98 1.051370
99 1.052888
100 1.054021
101 1.054947
102 1.055967
103 1.056638
104 1.057195
105 1.058750
106 1.060423
107 1.061212
108 1.063923
109 1.063721
110 1.064735
111 1.066343
112 1.067524
113 1.069179
114 1.070324
115 1.071362
116 1.072015
117 1.072454
118 1.073729
119 1.075325
120 1.077034
121 1.078505
122 1.079513
123 1.080593
124 1.081791
125 1.083743
126 1.084218
127 1.085897
128 1.087095
129 1.087368
130 1.088335
131 1.089053
132 1.088922
133 1.090032
134 1.090293
135 1.092316
136 1.094261
137 1.095662
138 1.096682
139 1.097940
140 1.098242
141 1.098509
142 1.099298
143 1.100449
144 1.101167
145 1.101208
146 1.101914
147 1.101891
148 1.103107
149 1.104454
150 1.105314
151 1.106583
152 1.107212
153 1.108126
154 1.108677
155 1.108986
156 1.109437
157 1.110208
158 1.110445
159 1.110760
160 1.111614
161 1.113607
162 1.114153
163 1.115713
164 1.116858
165 1.117588
166 1.118834
167 1.119309
168 1.120287
169 1.121242
170 1.121076
171 1.120637
172 1.121800
173 1.123010
174 1.123349
175 1.123687
176 1.123704
177 1.124072
178 1.124921
179 1.124950
180 1.126611
181 1.127270
182 1.127869
183 1.128367
184 1.128907
185 1.128617
186 1.128498
187 1.129056
188 1.128670
189 1.128385
190 1.129732
191 1.129097
192 1.130029
193 1.131114
194 1.132366
195 1.133576
196 1.133991
197 1.133867
198 1.133956
199 1.134383
200 1.134365
201 1.134407
202 1.134905
203 1.135350
204 1.136008
205 1.136643
206 1.138008
207 1.138476
208 1.139871
209 1.139242
210 1.139924
211 1.139942
212 1.139865
213 1.140232
214 1.140654
215 1.141781
216 1.141366
217 1.142083
218 1.142244
219 1.141508
220 1.142214
221 1.141799
222 1.142238
223 1.143412
224 1.143851
225 1.144504
226 1.144889
227 1.143994
228 1.143721
229 1.143922
230 1.144385
231 1.144320
232 1.143899
233 1.143460
234 1.144373
235 1.145637
236 1.144795
237 1.145275
238 1.145601
239 1.147007
240 1.147322
241 1.147968
242 1.147957
243 1.147618
244 1.148425
245 1.148556
246 1.149896
247 1.150341
248 1.149641
249 1.149078
250 1.148787
251 1.150021
252 1.149902
253 1.149825
254 1.151344
255 1.150964
256 1.150146
257 1.148924
258 1.148140
259 1.147826
260 1.147785
261 1.147434
262 1.147945
263 1.147933
264 1.149001
265 1.149446
266 1.149641
267 1.148401
268 1.147446
269 1.148443
270 1.148431
271 1.149196
272 1.150080
273 1.150436
274 1.150442
275 1.149968
276 1.149368
277 1.150377
278 1.149778
279 1.148870
280 1.149873
281 1.149386
282 1.149606
283 1.149825
284 1.150436
285 1.150786
286 1.150733
287 1.151445
288 1.151771
289 1.151297
290 1.151297
291 1.151937
292 1.152258
293 1.152809
294 1.153118
295 1.153189
296 1.153207
297 1.153741
298 1.154755
299 1.154797
300 1.154666
301 1.155224
302 1.154951
303 1.155942
304 1.155835
305 1.155111
306 1.155538
307 1.155040
308 1.154690
309 1.154162
310 1.154767
311 1.154969
312 1.155681
313 1.155770
314 1.156090
315 1.156772
316 1.156743
317 1.155740
318 1.156630
319 1.157852
320 1.158777
321 1.158878
322 1.158249
323 1.157567
324 1.157182
325 1.158054
326 1.157662
327 1.157638
328 1.157656
329 1.156179
330 1.154969
331 1.154850
332 1.155129
333 1.154714
334 1.155693
335 1.155675
336 1.155224
337 1.155710
338 1.156369
339 1.156244
340 1.156612
341 1.157217
342 1.157739
343 1.157994
344 1.156612
345 1.158030
346 1.156760
347 1.156873
348 1.157182
349 1.156980
350 1.156725
351 1.156043
352 1.156588
353 1.156132
354 1.157128
355 1.158095
356 1.157965
357 1.157146
358 1.156921
359 1.156090
360 1.156458
361 1.157650
362 1.158896
363 1.159169
364 1.158742
365 1.159721
366 1.159145
367 1.159537
368 1.159169
369 1.160474
370 1.160587
371 1.160510
372 1.160183
373 1.159596
374 1.158849
375 1.159068
376 1.159288
377 1.158955
378 1.158267
379 1.158036
380 1.157923
381 1.157336
382 1.158024
383 1.159038
384 1.158546
385 1.158760
386 1.157627
387 1.157300
388 1.158095
389 1.157870
390 1.159234
391 1.159009
392 1.158766
393 1.157816
394 1.158113
395 1.158510
396 1.158890
397 1.158309
398 1.158006
399 1.159418
400 1.158754
401 1.159371
402 1.159145
403 1.160456
404 1.159394
405 1.158392
406 1.158505
407 1.158552
408 1.159495
409 1.158576
410 1.157852
411 1.157965
412 1.157377
413 1.155954
414 1.156719
415 1.156215
416 1.156962
417 1.157799
418 1.158552
419 1.158475
420 1.158671
421 1.159697
422 1.159424
423 1.159454
424 1.159679
425 1.159400
426 1.159703
427 1.160035
428 1.160735
429 1.161435
430 1.160617
431 1.160047
432 1.159940
433 1.159561
434 1.158386
435 1.158665
436 1.158914
437 1.158961
438 1.159685
439 1.159650
440 1.159027
441 1.159513
442 1.159335
443 1.158766
444 1.159305
445 1.159691
446 1.158789
447 1.158991
448 1.158196
449 1.158048
450 1.158077
451 1.158961
452 1.159335
453 1.159727
454 1.160967
455 1.161767
456 1.162313
457 1.162325
458 1.162485
459 1.161465
460 1.161815
461 1.161210
462 1.162325
463 1.162088
464 1.162539
465 1.161957
466 1.161874
467 1.162076
468 1.162776
469 1.163073
470 1.163796
471 1.162432
472 1.162058
473 1.160753
474 1.160326
475 1.161056
476 1.160474
477 1.160907
478 1.161690
479 1.163150
480 1.164212
481 1.164502
482 1.164668
483 1.163743
484 1.163790
485 1.163197
486 1.163601
487 1.164751
488 1.164591
489 1.164170
490 1.163998
491 1.163761
492 1.163719
493 1.163120
494 1.163049
495 1.161750
496 1.161483
497 1.160261
498 1.159994
499 1.160201
500 1.160136
501 1.161720
502 1.162343
503 1.163061
504 1.163144
505 1.163334
506 1.161892
507 1.162361
508 1.162473
509 1.163316
510 1.163606
511 1.163856
512 1.164401
513 1.163779
514 1.163618
515 1.162764
516 1.162788
517 1.162200
518 1.162770
519 1.162307
520 1.161061
521 1.161364
522 1.161595
523 1.161756
524 1.160433
525 1.160124
526 1.160326
527 1.161761
528 1.160872
529 1.160106
530 1.160866
531 1.161572
532 1.160777
533 1.160676
534 1.159638
535 1.159288
536 1.158896
537 1.157710
538 1.157466
539 1.158866
540 1.158866
541 1.159276
542 1.159139
543 1.158694
544 1.159092
545 1.159205
546 1.160177
547 1.161162
548 1.162141
549 1.161607
550 1.161833
551 1.162895
552 1.162823
553 1.162960
554 1.163351
555 1.163357
556 1.163713
557 1.163440
558 1.163120
559 1.163458
560 1.162823
561 1.162307
562 1.161761
563 1.162343
564 1.162586
565 1.163322
566 1.163500
567 1.163523
568 1.163690
569 1.163559
570 1.162699
571 1.161607
572 1.162657
573 1.162841
574 1.163500
575 1.163980
576 1.163648
577 1.163891
578 1.162806
579 1.162705
580 1.162835
581 1.162835
582 1.162889
583 1.162284
584 1.161020
585 1.160783
586 1.160314
587 1.159454
588 1.159804
589 1.159644
590 1.161056
591 1.162218
592 1.162064
593 1.163850
594 1.163962
595 1.164111
596 1.164378
597 1.164010
598 1.163577
599 1.163156
600 1.162183
601 1.161696
602 1.162094
603 1.162794
604 1.161761
605 1.162473
606 1.162195
607 1.162788
608 1.163345
609 1.162752
610 1.162337
611 1.161732
612 1.162224
613 1.162278
614 1.163049
615 1.162545
616 1.162378
617 1.162349
618 1.162367
619 1.162556
620 1.163998
621 1.163595
622 1.163523
623 1.162509
624 1.162189
625 1.161910
626 1.162011
627 1.162634
628 1.162509
629 1.163126
630 1.163535
631 1.163399
632 1.163707
633 1.163541
634 1.163695
635 1.163464
636 1.163037
637 1.163162
638 1.163868
639 1.163844
640 1.163707
641 1.164093
642 1.162663
643 1.163850
644 1.163304
645 1.163755
646 1.163968
647 1.163773
648 1.162978
649 1.162699
650 1.162527
651 1.162426
652 1.162319
653 1.162034
654 1.163067
655 1.162705
656 1.163577
657 1.163707
658 1.163535
659 1.163642
660 1.163078
661 1.162895
662 1.162835
663 1.162598
664 1.162432
665 1.162562
666 1.162764
667 1.161293
668 1.160688
669 1.160765
670 1.162046
671 1.162877
672 1.162088
673 1.162242
674 1.162367
675 1.161370
676 1.161595
677 1.161951
678 1.162586
679 1.162752
680 1.161672
681 1.161245
682 1.160385
683 1.161139
684 1.161293
685 1.161916
686 1.161459
687 1.161607
688 1.162177
689 1.162011
690 1.162467
691 1.163067
692 1.163862
693 1.163440
694 1.163482
695 1.162936
696 1.161827
697 1.161850
698 1.160889
699 1.161346
700 1.160486
701 1.160937
702 1.161388
703 1.162034
704 1.162723
705 1.162657
706 1.162141
707 1.162206
708 1.161542
709 1.163067
710 1.163826
711 1.163446
712 1.163090
713 1.163340
714 1.163304
715 1.162076
716 1.162396
717 1.162788
718 1.163399
719 1.162456
720 1.162462
721 1.162889
722 1.163067
723 1.163606
724 1.163328
725 1.163529
726 1.164573
727 1.164508
728 1.164799
729 1.164929
730 1.165754
731 1.166098
732 1.166329
733 1.166241
734 1.166401
735 1.165244
736 1.165315
737 1.166152
738 1.166591
739 1.167053
740 1.166668
741 1.166104
742 1.165926
743 1.165155
744 1.165807
745 1.165932
746 1.165001
747 1.164722
748 1.164277
749 1.163417
750 1.162628
751 1.162693
752 1.162159
753 1.163233
754 1.163583
755 1.162420
756 1.162224
757 1.161672
758 1.161423
759 1.162586
760 1.163102
761 1.163998
762 1.164763
763 1.166122
764 1.167314
765 1.166181
766 1.166122
767 1.165285
768 1.163862
769 1.163292
770 1.164259
771 1.164241
772 1.164152
773 1.163577
774 1.162936
775 1.164241
776 1.162883
777 1.163464
778 1.163814
779 1.163968
780 1.163856
781 1.163731
782 1.164390
783 1.164218
784 1.164532
785 1.165190
786 1.165279
787 1.164348
788 1.163470
789 1.162313
790 1.161803
791 1.162444
792 1.162278
793 1.162307
794 1.161886
795 1.162604
796 1.161370
797 1.161370
798 1.161144
799 1.160759
800 1.160575
801 1.159715
802 1.159507
803 1.159477
804 1.160053
805 1.159804
806 1.160943
807 1.162212
808 1.162628
809 1.162734
810 1.162592
811 1.161957
812 1.162639
813 1.163245
814 1.163506
815 1.163233
816 1.162806
817 1.162835
818 1.162966
819 1.162248
820 1.162628
821 1.162467
822 1.162877
823 1.162420
824 1.162284
825 1.163179
826 1.162728
827 1.162479
828 1.162657
829 1.163173
830 1.162527
831 1.162313
832 1.163292
833 1.164028
834 1.164597
835 1.164674
836 1.163862
837 1.164004
838 1.164479
839 1.164490
840 1.164146
841 1.163992
842 1.164170
843 1.164360
844 1.162906
845 1.163037
846 1.163678
847 1.163280
848 1.163227
849 1.162918
850 1.164579
851 1.165825
852 1.165101
853 1.164502
854 1.164763
855 1.165730
856 1.165457
857 1.165244
858 1.165066
859 1.164099
860 1.163476
861 1.163251
862 1.163547
863 1.163796
864 1.163156
865 1.163464
866 1.163968
867 1.163583
868 1.163286
869 1.163796
870 1.163351
871 1.162248
872 1.162266
873 1.162711
874 1.161767
875 1.161649
876 1.162378
877 1.162485
878 1.162645
879 1.163316
880 1.163761
881 1.164419
882 1.164799
883 1.164069
884 1.163678
885 1.163968
886 1.163690
887 1.162420
888 1.162556
889 1.162906
890 1.163102
891 1.162918
892 1.163357
893 1.165084
894 1.164775
895 1.164105
896 1.164348
897 1.164490
898 1.163885
899 1.162699
900 1.163007
901 1.163340
902 1.163126
903 1.163173
904 1.163185
905 1.162711
906 1.162028
907 1.162052
908 1.162467
909 1.162705
910 1.161957
911 1.161809
912 1.161738
913 1.162129
914 1.162877
915 1.163179
916 1.163820
917 1.163761
918 1.163743
919 1.164324
920 1.163998
921 1.164876
922 1.165042
923 1.164858
924 1.164894
925 1.164710
926 1.164817
927 1.164579
928 1.163179
929 1.163292
930 1.164657
931 1.163856
932 1.163761
933 1.163642
934 1.162100
935 1.162616
936 1.162711
937 1.162479
938 1.163310
939 1.163363
940 1.162859
941 1.163322
942 1.163268
943 1.162669
944 1.163369
945 1.163245
946 1.162165
947 1.163310
948 1.163606
949 1.163156
950 1.162788
951 1.162877
952 1.163672
953 1.162723
954 1.162295
955 1.162396
956 1.161257
957 1.161880
958 1.162331
959 1.162788
960 1.162420
961 1.162141
962 1.161702
963 1.161216
964 1.162639
965 1.163167
966 1.162990
967 1.162758
968 1.162023
969 1.162183
970 1.161934
971 1.163707
972 1.163067
973 1.163974
974 1.164134
975 1.164520
976 1.165451
977 1.164170
978 1.164360
979 1.164935
980 1.165024
981 1.164852
982 1.165701
983 1.166045
984 1.165357
985 1.164918
986 1.164265
987 1.164354
988 1.165084
989 1.165238
990 1.165392
991 1.165119
992 1.164532
993 1.164390
994 1.164502
995 1.164188
996 1.164384
997 1.163814
998 1.163998
999 1.164621
1000 1.164016
1001 1.163096
1002 1.163488
1003 1.163280
1004 1.162545
1005 1.163292
1006 1.164194
1007 1.164075
1008 1.164603
1009 1.165327
1010 1.166051
1011 1.165078
1012 1.165653
1013 1.164425
1014 1.163340
1015 1.163055
1016 1.163375
1017 1.163126
1018 1.162485
1019 1.163156
1020 1.164164
1021 1.163701
1022 1.162728
1023 1.162212
1024 1.162604
1025 1.162812
1026 1.163915
1027 1.163897
1028 1.163292
1029 1.163743
1030 1.164289
1031 1.163962
1032 1.163601
1033 1.162147
1034 1.161827
1035 1.160628
1036 1.160255
1037 1.160237
1038 1.161056
1039 1.160996
1040 1.161222
1041 1.161542
1042 1.161833
1043 1.162817
1044 1.163203
1045 1.164265
1046 1.164081
1047 1.164194
1048 1.164051
1049 1.163868
1050 1.163826
1051 1.164455
1052 1.165398
1053 1.164271
1054 1.164923
1055 1.164870
1056 1.164621
1057 1.163992
1058 1.164556
1059 1.164253
1060 1.163494
1061 1.163707
1062 1.164206
1063 1.163132
1064 1.163743
1065 1.163482
1066 1.162812
1067 1.163078
1068 1.162402
1069 1.162082
1070 1.160842
1071 1.161097
1072 1.160972
1073 1.161833
1074 1.162100
1075 1.163025
1076 1.164170
1077 1.164775
1078 1.164609
1079 1.163411
1080 1.163476
1081 1.163707
1082 1.165232
1083 1.165802
1084 1.166009
1085 1.165968
1086 1.165760
1087 1.166057
1088 1.166110
1089 1.165179
1090 1.165107
1091 1.164556
1092 1.165558
1093 1.164989
1094 1.164763
1095 1.164769
1096 1.164876
1097 1.164674
1098 1.163583
1099 1.163868
1100 1.165653
1101 1.165232
1102 1.165161
1103 1.163986
1104 1.162788
1105 1.162414
1106 1.162770
1107 1.162705
1108 1.162883
1109 1.163606
1110 1.164004
1111 1.164069
1112 1.165440
1113 1.165730
1114 1.166152
1115 1.166988
1116 1.166152
1117 1.166466
1118 1.166792
1119 1.165950
1120 1.165380
1121 1.164793
1122 1.164562
1123 1.164081
1124 1.163968
1125 1.163114
1126 1.162402
1127 1.162948
1128 1.163340
1129 1.163399
1130 1.163577
1131 1.163862
1132 1.163345
1133 1.163470
1134 1.162990
1135 1.163387
1136 1.162752
1137 1.162966
1138 1.162847
1139 1.162990
1140 1.162960
1141 1.163239
1142 1.162758
1143 1.163862
1144 1.163862
1145 1.164514
1146 1.164514
1147 1.164182
1148 1.163434
1149 1.163375
1150 1.162367
1151 1.163387
1152 1.162639
1153 1.162954
1154 1.163494
1155 1.163796
1156 1.163417
1157 1.163162
1158 1.162497
1159 1.163073
1160 1.162408
1161 1.162918
1162 1.163773
1163 1.163873
1164 1.164040
1165 1.163666
1166 1.164271
1167 1.164289
1168 1.164538
1169 1.165125
1170 1.164763
1171 1.164123
1172 1.164022
1173 1.163055
1174 1.163173
1175 1.164087
1176 1.164579
1177 1.164366
1178 1.164265
1179 1.163725
1180 1.164390
1181 1.163553
1182 1.163316
1183 1.162812
1184 1.162895
1185 1.163150
1186 1.161334
1187 1.160824
1188 1.160972
1189 1.161133
1190 1.160611
1191 1.160367
1192 1.160961
1193 1.161560
1194 1.161987
1195 1.161637
1196 1.161987
1197 1.162289
1198 1.162177
1199 1.161554
1200 1.160652
1201 1.159982
1202 1.160522
1203 1.161263
1204 1.161168
1205 1.161097
1206 1.161400
1207 1.161934
1208 1.162248
1209 1.161720
1210 1.162586
1211 1.162444
1212 1.162616
1213 1.164028
1214 1.164372
1215 1.164461
1216 1.164022
1217 1.162681
1218 1.163345
1219 1.163221
1220 1.163844
1221 1.163909
1222 1.164069
1223 1.164484
1224 1.163868
1225 1.164769
1226 1.164200
1227 1.163162
1228 1.163280
1229 1.163185
1230 1.162272
1231 1.162295
1232 1.161767
1233 1.160901
1234 1.160949
1235 1.161204
1236 1.161803
1237 1.162918
1238 1.163814
1239 1.164407
1240 1.164544
1241 1.165392
1242 1.165896
1243 1.165220
1244 1.164502
1245 1.165754
1246 1.164562
1247 1.164568
1248 1.164811
1249 1.165434
1250 1.164989
1251 1.165084
1252 1.164852
1253 1.164496
1254 1.163666
1255 1.162432
1256 1.162948
1257 1.163144
1258 1.162574
1259 1.162758
1260 1.163078
1261 1.164045
1262 1.164484
1263 1.165001
1264 1.164959
1265 1.165902
1266 1.165386
1267 1.165790
1268 1.165908
1269 1.164200
1270 1.163826
1271 1.163844
1272 1.164330
1273 1.164668
1274 1.165131
1275 1.164740
1276 1.164075
1277 1.164342
1278 1.165274
1279 1.165606
1280 1.165244
1281 1.166175
1282 1.165190
1283 1.165226
1284 1.165523
1285 1.163856
1286 1.163862
1287 1.163862
1288 1.164229
1289 1.163820
1290 1.163393
1291 1.164265
1292 1.164425
1293 1.163749
1294 1.163423
1295 1.163007
1296 1.163340
1297 1.162918
1298 1.162373
1299 1.163001
1300 1.163583
1301 1.164532
1302 1.164105
1303 1.164277
1304 1.164188
1305 1.165018
1306 1.165060
1307 1.164757
1308 1.164396
1309 1.164229
1310 1.163761
1311 1.163274
1312 1.163399
1313 1.163648
1314 1.163571
1315 1.163292
1316 1.163417
1317 1.162770
1318 1.163476
1319 1.164502
1320 1.164016
1321 1.163719
1322 1.163251
1323 1.163755
1324 1.164407
1325 1.165107
1326 1.165303
1327 1.164935
1328 1.165119
1329 1.166502
1330 1.166691
1331 1.167830
1332 1.167919
1333 1.168839
1334 1.168797
1335 1.167878
1336 1.168145
1337 1.166555
1338 1.165529
1339 1.166063
1340 1.165570
1341 1.165784
1342 1.165778
1343 1.165137
1344 1.165766
1345 1.165659
1346 1.165932
1347 1.166757
1348 1.166436
1349 1.166383
1350 1.167611
1351 1.167261
1352 1.166988
1353 1.166021
1354 1.166330
1355 1.165962
1356 1.164787
1357 1.165481
1358 1.166098
1359 1.165612
1360 1.166246
1361 1.165843
1362 1.164461
1363 1.165238
1364 1.165303
1365 1.165487
1366 1.165796
1367 1.166507
1368 1.166146
1369 1.166650
1370 1.167154
1371 1.166418
1372 1.167279
1373 1.166549
1374 1.167647
1375 1.167522
1376 1.167391
1377 1.167196
1378 1.166709
1379 1.166751
1380 1.167445
1381 1.166857
1382 1.166946
1383 1.167338
1384 1.166769
1385 1.166507
1386 1.166656
1387 1.166288
1388 1.166846
1389 1.168008
1390 1.168436
1391 1.167670
1392 1.167083
1393 1.166852
1394 1.165469
1395 1.165760
1396 1.165463
1397 1.165695
1398 1.165202
1399 1.164817
1400 1.164425
1401 1.164947
1402 1.164900
1403 1.164342
1404 1.165060
1405 1.164597
1406 1.164520
1407 1.165137
1408 1.164390
1409 1.163523
1410 1.164431
1411 1.165096
1412 1.166976
1413 1.166324
1414 1.165410
1415 1.164609
1416 1.163749
1417 1.163393
1418 1.162901
1419 1.163701
1420 1.162734
1421 1.163393
1422 1.163375
1423 1.163078
1424 1.162141
1425 1.161032
1426 1.160528
1427 1.161429
1428 1.161370
1429 1.161572
1430 1.162533
1431 1.163239
1432 1.162628
1433 1.161963
1434 1.162165
1435 1.162515
1436 1.162111
1437 1.161554
1438 1.160711
1439 1.160652
1440 1.161293
1441 1.161678
1442 1.162052
1443 1.162467
1444 1.162539
1445 1.162562
1446 1.162432
1447 1.160320
1448 1.160118
1449 1.158795
1450 1.159905
1451 1.159513
1452 1.159561
1453 1.160284
1454 1.160539
1455 1.160694
1456 1.160783
1457 1.160427
1458 1.160160
1459 1.159727
1460 1.160842
1461 1.160225
1462 1.159537
1463 1.161002
1464 1.161441
1465 1.162023
1466 1.163150
1467 1.162966
1468 1.163334
1469 1.162752
1470 1.161892
1471 1.161263
1472 1.161761
1473 1.162064
1474 1.162266
1475 1.162954
1476 1.163761
1477 1.164123
1478 1.165054
1479 1.165084
1480 1.164840
1481 1.164757
1482 1.163618
1483 1.163120
1484 1.163179
1485 1.162960
1486 1.163007
1487 1.162942
1488 1.163203
1489 1.163743
1490 1.164704
1491 1.164111
1492 1.163245
1493 1.162634
1494 1.162123
1495 1.162462
1496 1.162307
1497 1.162183
1498 1.162592
1499 1.162592
1500 1.162373
1501 1.163061
1502 1.162319
1503 1.163357
1504 1.164431
1505 1.164087
1506 1.163470
1507 1.163784
1508 1.163921
1509 1.164645
1510 1.163957
1511 1.164556
1512 1.164852
1513 1.164170
1514 1.164461
1515 1.164823
1516 1.165351
1517 1.167528
1518 1.167368
1519 1.166460
1520 1.165487
1521 1.165796
1522 1.166804
1523 1.167338
1524 1.167427
1525 1.167492
1526 1.167332
1527 1.166341
1528 1.166353
1529 1.166092
1530 1.165523
1531 1.165831
1532 1.165428
1533 1.166199
1534 1.165920
1535 1.163856
1536 1.163310
1537 1.163221
1538 1.162568
1539 1.161524
1540 1.162800
1541 1.162705
1542 1.161916
1543 1.162859
1544 1.163500
1545 1.163411
1546 1.163185
1547 1.163666
1548 1.163737
1549 1.164455
1550 1.164413
1551 1.164894
1552 1.164983
1553 1.164461
1554 1.163808
1555 1.164407
1556 1.163980
1557 1.163334
1558 1.163233
1559 1.163345
1560 1.163737
1561 1.163814
1562 1.164223
1563 1.164769
1564 1.165564
1565 1.166792
1566 1.167670
1567 1.167445
1568 1.165505
1569 1.166537
1570 1.165701
1571 1.165997
1572 1.165511
1573 1.165072
1574 1.165090
1575 1.164929
1576 1.165802
1577 1.165944
1578 1.165843
1579 1.165807
1580 1.165232
1581 1.165730
1582 1.165849
1583 1.165564
1584 1.166721
1585 1.166347
1586 1.166175
1587 1.166484
1588 1.167006
1589 1.167919
1590 1.167848
1591 1.167795
1592 1.167611
1593 1.168115
1594 1.167403
1595 1.166502
1596 1.166893
1597 1.166134
1598 1.166537
1599 1.167617
1600 1.167077
1601 1.166454
1602 1.167077
1603 1.166685
1604 1.165653
1605 1.166697
1606 1.167160
1607 1.166549
1608 1.166620
1609 1.167249
1610 1.167101
1611 1.166418
1612 1.166027
1613 1.164971
1614 1.164146
1615 1.163488
1616 1.162705
1617 1.162260
1618 1.162307
1619 1.161489
1620 1.161144
1621 1.161168
1622 1.161554
1623 1.162070
1624 1.162046
1625 1.162023
1626 1.161020
1627 1.161097
1628 1.161275
1629 1.160925
1630 1.160783
1631 1.162117
1632 1.163405
1633 1.163150
1634 1.162687
1635 1.162657
1636 1.162711
1637 1.162871
1638 1.162711
1639 1.161542
1640 1.161744
1641 1.161756
1642 1.160373
1643 1.161738
1644 1.162634
1645 1.162628
1646 1.162183
1647 1.163185
1648 1.163191
1649 1.163523
1650 1.163660
1651 1.163494
1652 1.163968
1653 1.163446
1654 1.164307
1655 1.164010
1656 1.164609
1657 1.164479
1658 1.164858
1659 1.164651
1660 1.164484
1661 1.164573
1662 1.164680
1663 1.165161
1664 1.165226
1665 1.165256
1666 1.165226
1667 1.164253
1668 1.164111
1669 1.165107
1670 1.164069
1671 1.165090
1672 1.164241
1673 1.164479
1674 1.164740
1675 1.163547
1676 1.163221
1677 1.163405
1678 1.163256
1679 1.162823
1680 1.161572
1681 1.162497
1682 1.161512
1683 1.162788
1684 1.161803
1685 1.161702
1686 1.162177
1687 1.161453
1688 1.162052
1689 1.162610
1690 1.162562
1691 1.163500
1692 1.162023
1693 1.162901
1694 1.163351
1695 1.163375
1696 1.163369
1697 1.163802
1698 1.163381
1699 1.164022
1700 1.164835
1701 1.165327
1702 1.164864
1703 1.164995
1704 1.165232
1705 1.164953
1706 1.164668
1707 1.165090
1708 1.163369
1709 1.163945
1710 1.163553
1711 1.163221
1712 1.161939
1713 1.161720
1714 1.161714
1715 1.160563
1716 1.160480
1717 1.160154
1718 1.160373
1719 1.159661
1720 1.159703
1721 1.159406
1722 1.159311
1723 1.158997
1724 1.158344
1725 1.157496
1726 1.157953
1727 1.158475
1728 1.158611
1729 1.159252
1730 1.158184
1731 1.158884
1732 1.159922
1733 1.160065
1734 1.160065
1735 1.160539
1736 1.160094
1737 1.160741
1738 1.160213
1739 1.161008
1740 1.160771
1741 1.160806
1742 1.160794
1743 1.161156
1744 1.160272
1745 1.160142
1746 1.160367
1747 1.159946
1748 1.159080
1749 1.158398
1750 1.159246
1751 1.159727
1752 1.159561
1753 1.160338
1754 1.161649
1755 1.161756
1756 1.162598
1757 1.162076
1758 1.161720
1759 1.162236
1760 1.162645
1761 1.162711
1762 1.163500
1763 1.163369
1764 1.163595
1765 1.162841
1766 1.161934
1767 1.162307
1768 1.162865
1769 1.162467
1770 1.163061
1771 1.163167
1772 1.163292
1773 1.162889
1774 1.162901
1775 1.162924
1776 1.162402
1777 1.162681
1778 1.162918
1779 1.161939
1780 1.161358
1781 1.163500
1782 1.162663
1783 1.162764
1784 1.163274
1785 1.163606
1786 1.163073
1787 1.163049
1788 1.164040
1789 1.164787
1790 1.164384
1791 1.164099
1792 1.164045
1793 1.164324
1794 1.164502
1795 1.165523
1796 1.165220
1797 1.164502
1798 1.163719
1799 1.164775
1800 1.165001
1801 1.165398
1802 1.164716
1803 1.164781
1804 1.165244
1805 1.165066
1806 1.165392
1807 1.164971
1808 1.163773
1809 1.163517
1810 1.164342
1811 1.164929
1812 1.165606
1813 1.166086
1814 1.165582
1815 1.165291
1816 1.163690
1817 1.163114
1818 1.162070
1819 1.161489
1820 1.162319
1821 1.162473
1822 1.162183
1823 1.162580
1824 1.163245
1825 1.162426
1826 1.161726
1827 1.161429
1828 1.160866
1829 1.160913
1830 1.160717
1831 1.160617
1832 1.161815
1833 1.161880
1834 1.162301
1835 1.161750
1836 1.162272
1837 1.163078
1838 1.163630
1839 1.164028
1840 1.165167
1841 1.164609
1842 1.165979
1843 1.165790
1844 1.167124
1845 1.167427
1846 1.166531
1847 1.165392
1848 1.165618
1849 1.166027
1850 1.165529
1851 1.164817
1852 1.165208
1853 1.164906
1854 1.164532
1855 1.165268
1856 1.165558
1857 1.166383
1858 1.166632
1859 1.166786
1860 1.166917
1861 1.167801
1862 1.169201
1863 1.169302
1864 1.168886
1865 1.169023
1866 1.168151
1867 1.168074
1868 1.167694
1869 1.166632
1870 1.165932
1871 1.166478
1872 1.165131
1873 1.164817
1874 1.165208
1875 1.166407
1876 1.166596
1877 1.166763
1878 1.167338
1879 1.166941
1880 1.167119
1881 1.166751
1882 1.165730
1883 1.166264
1884 1.167172
1885 1.166662
1886 1.167273
1887 1.167848
1888 1.167700
1889 1.167836
1890 1.167902
1891 1.167385
1892 1.167421
1893 1.167000
1894 1.167059
1895 1.167534
1896 1.166810
1897 1.165914
1898 1.164888
1899 1.165173
1900 1.164829
1901 1.164680
1902 1.163974
1903 1.163808
1904 1.163648
1905 1.164330
1906 1.164366
1907 1.164977
1908 1.164437
1909 1.164882
1910 1.164247
1911 1.164710
1912 1.165244
1913 1.164781
1914 1.165487
1915 1.164977
1916 1.164953
1917 1.165582
1918 1.165451
1919 1.165446
1920 1.165428
1921 1.165072
1922 1.165481
1923 1.164740
1924 1.164722
1925 1.165885
1926 1.165054
1927 1.164959
1928 1.164912
1929 1.165760
1930 1.165202
1931 1.165772
1932 1.165113
1933 1.165635
1934 1.164645
1935 1.164645
1936 1.164989
1937 1.164918
1938 1.163695
1939 1.163595
1940 1.163595
1941 1.164425
1942 1.165807
1943 1.166395
1944 1.164894
1945 1.163286
1946 1.162153
1947 1.161821
1948 1.161584
1949 1.162367
1950 1.161874
1951 1.161239
1952 1.160605
1953 1.161139
1954 1.161162
1955 1.161756
1956 1.161358
1957 1.160717
1958 1.161506
1959 1.162070
1960 1.161678
1961 1.161969
1962 1.160711
1963 1.160794
1964 1.160640
1965 1.161079
1966 1.161364
1967 1.161352
1968 1.161613
1969 1.162390
1970 1.162491
1971 1.163512
1972 1.164763
1973 1.165410
1974 1.164099
1975 1.164212
1976 1.163345
1977 1.162378
1978 1.162645
1979 1.162491
1980 1.161239
1981 1.161340
1982 1.161738
1983 1.161411
1984 1.161340
1985 1.161690
1986 1.161934
1987 1.161376
1988 1.160474
1989 1.160978
1990 1.161465
1991 1.162129
1992 1.162337
1993 1.163286
1994 1.163749
1995 1.165855
1996 1.165143
1997 1.165493
1998 1.164668
1999 1.164324
2000 1.164075
2001 1.163957
2002 1.163500
2003 1.162776
2004 1.162568
2005 1.161951
2006 1.162717
2007 1.162889
2008 1.161957
2009 1.162367
2010 1.161779
2011 1.161382
2012 1.162023
2013 1.162817
2014 1.162592
2015 1.162313
2016 1.162111
2017 1.161928
2018 1.162017
2019 1.163227
2020 1.162901
2021 1.163434
2022 1.163061
2023 1.162699
2024 1.162639
2025 1.161963
2026 1.161578
2027 1.163268
2028 1.163227
2029 1.163304
2030 1.163832
2031 1.164295
2032 1.163245
2033 1.162835
2034 1.163523
2035 1.162278
2036 1.161536
2037 1.160634
2038 1.161002
2039 1.161180
2040 1.161477
2041 1.161162
2042 1.161103
2043 1.160136
2044 1.161127
2045 1.161512
2046 1.161910
2047 1.161993
2048 1.161406
2049 1.160575
2050 1.161441
2051 1.161548
2052 1.162005
2053 1.161672
2054 1.161275
2055 1.162812
2056 1.162034
2057 1.162829
2058 1.162657
2059 1.162823
2060 1.163090
2061 1.162966
2062 1.162200
2063 1.161204
2064 1.161619
2065 1.161275
2066 1.161044
2067 1.160468
2068 1.159839
2069 1.160130
2070 1.160919
2071 1.160462
2072 1.160593
2073 1.160919
2074 1.160806
2075 1.160646
2076 1.162420
2077 1.162954
2078 1.163440
2079 1.163452
2080 1.163144
2081 1.162906
2082 1.164123
2083 1.164081
2084 1.164769
2085 1.163334
2086 1.164051
2087 1.162770
2088 1.162260
2089 1.162485
2090 1.162236
2091 1.163357
2092 1.163268
2093 1.163067
2094 1.163096
2095 1.163345
2096 1.163743
2097 1.163577
2098 1.164129
2099 1.163357
2100 1.162384
2101 1.163678
2102 1.163814
2103 1.163173
2104 1.163120
2105 1.163707
2106 1.164360
2107 1.165024
2108 1.165107
2109 1.164502
2110 1.163856
2111 1.163962
2112 1.163939
2113 1.162942
2114 1.164241
2115 1.163885
2116 1.162912
2117 1.161975
2118 1.160937
2119 1.160160
2120 1.160581
2121 1.160213
2122 1.159869
2123 1.161109
2124 1.161002
2125 1.161667
2126 1.162325
2127 1.162521
2128 1.162123
2129 1.162669
2130 1.161999
2131 1.161370
2132 1.160883
2133 1.160510
2134 1.159810
2135 1.161085
2136 1.161934
2137 1.162331
2138 1.164176
2139 1.163796
2140 1.163879
2141 1.163630
2142 1.163909
2143 1.163138
2144 1.163446
2145 1.162764
2146 1.162853
2147 1.163215
2148 1.163381
2149 1.163749
2150 1.164615
2151 1.164289
2152 1.164811
2153 1.165173
2154 1.165451
2155 1.164829
2156 1.164407
2157 1.163838
2158 1.163476
2159 1.163945
2160 1.164894
2161 1.165890
2162 1.165546
2163 1.165297
2164 1.165072
2165 1.164740
2166 1.164728
2167 1.164134
2168 1.163844
2169 1.163185
2170 1.162319
2171 1.162408
2172 1.162699
2173 1.162509
2174 1.162651
2175 1.162568
2176 1.161684
2177 1.162503
2178 1.163541
2179 1.163387
2180 1.162639
2181 1.163286
2182 1.163743
2183 1.163144
2184 1.163559
2185 1.163595
2186 1.163423
2187 1.161904
2188 1.162533
2189 1.163179
2190 1.164295
2191 1.164852
2192 1.164615
2193 1.164811
2194 1.164449
2195 1.164965
2196 1.164051
2197 1.163974
2198 1.164087
2199 1.163179
2200 1.163037
2201 1.161411
2202 1.162177
2203 1.161210
2204 1.162355
2205 1.162028
2206 1.161631
2207 1.161791
2208 1.160664
2209 1.160462
2210 1.160581
2211 1.161322
2212 1.161127
2213 1.160255
2214 1.160124
2215 1.160053
2216 1.160106
2217 1.160385
2218 1.160189
2219 1.161144
2220 1.160462
2221 1.160670
2222 1.161423
2223 1.161186
2224 1.161548
2225 1.161578
2226 1.162088
2227 1.161963
2228 1.163102
2229 1.162782
2230 1.162052
2231 1.162990
2232 1.164051
2233 1.163452
2234 1.163547
2235 1.163719
2236 1.163986
2237 1.164615
2238 1.163749
2239 1.163292
2240 1.163879
2241 1.163405
2242 1.163328
2243 1.163559
2244 1.163203
2245 1.162088
2246 1.162034
2247 1.162693
2248 1.161144
2249 1.161643
2250 1.161495
2251 1.161702
2252 1.162349
2253 1.162847
2254 1.161987
2255 1.160789
2256 1.160883
2257 1.161530
2258 1.162651
2259 1.161584
2260 1.161649
2261 1.160605
2262 1.161228
2263 1.161008
2264 1.160984
2265 1.161121
2266 1.159994
2267 1.159626
2268 1.159596
2269 1.158273
2270 1.158238
2271 1.158712
2272 1.158908
2273 1.159299
2274 1.159466
2275 1.158884
2276 1.158860
2277 1.159905
2278 1.160866
2279 1.161803
2280 1.162634
2281 1.162728
2282 1.162230
2283 1.162865
2284 1.163363
2285 1.163690
2286 1.163251
2287 1.163375
2288 1.163245
2289 1.163292
2290 1.164057
2291 1.165873
2292 1.166662
2293 1.166157
2294 1.166169
2295 1.166377
2296 1.167148
2297 1.166383
2298 1.166015
2299 1.166241
2300 1.166175
2301 1.165410
2302 1.165802
2303 1.165374
2304 1.166424
2305 1.167599
2306 1.167629
2307 1.167427
2308 1.166769
2309 1.167332
2310 1.166982
2311 1.166632
2312 1.167688
2313 1.167641
2314 1.167866
2315 1.168525
2316 1.167629
2317 1.167569
2318 1.167237
2319 1.167267
2320 1.167279
2321 1.166952
2322 1.168317
2323 1.166887
2324 1.167047
2325 1.166169
2326 1.166241
2327 1.166513
2328 1.166573
2329 1.166252
2330 1.165991
2331 1.166258
2332 1.166585
2333 1.167866
2334 1.167949
2335 1.167854
2336 1.167896
2337 1.168145
2338 1.168002
2339 1.168305
2340 1.168946
2341 1.168655
2342 1.169919
2343 1.169859
2344 1.169266
2345 1.169023
2346 1.169130
2347 1.169230
2348 1.169456
2349 1.170162
2350 1.169225
2351 1.168892
2352 1.168074
2353 1.166964
2354 1.166181
2355 1.166288
2356 1.166472
2357 1.167065
2358 1.166662
2359 1.165084
2360 1.165843
2361 1.166632
2362 1.165641
2363 1.165677
2364 1.165873
2365 1.165363
2366 1.165143
2367 1.165760
2368 1.165190
2369 1.164852
2370 1.163731
2371 1.162705
2372 1.164087
2373 1.163268
2374 1.161738
2375 1.161821
2376 1.161969
2377 1.162272
2378 1.162212
2379 1.162183
2380 1.161975
2381 1.160883
2382 1.161222
2383 1.162064
2384 1.161589
2385 1.162343
2386 1.162254
2387 1.162699
2388 1.162135
2389 1.162390
2390 1.162990
2391 1.163535
2392 1.163274
2393 1.162978
2394 1.164378
2395 1.163909
2396 1.164129
2397 1.164668
2398 1.164538
2399 1.165718
2400 1.166246
2401 1.166668
2402 1.166187
2403 1.166051
2404 1.166822
2405 1.167605
2406 1.167374
2407 1.167878
2408 1.168293
2409 1.167819
2410 1.167682
2411 1.167142
2412 1.165902
2413 1.164900
2414 1.165321
2415 1.164799
2416 1.164461
2417 1.163227
2418 1.163500
2419 1.162497
2420 1.162123
2421 1.162325
2422 1.162794
2423 1.163357
2424 1.163873
2425 1.163393
2426 1.163322
2427 1.163612
2428 1.163755
2429 1.162954
2430 1.163903
2431 1.163535
2432 1.161993
2433 1.161969
2434 1.162966
2435 1.163577
2436 1.163719
2437 1.163316
2438 1.163713
2439 1.164330
2440 1.164431
2441 1.165232
2442 1.165867
2443 1.165546
2444 1.165274
2445 1.164289
2446 1.163974
2447 1.164805
2448 1.164579
2449 1.164117
2450 1.163612
2451 1.163802
2452 1.165659
2453 1.164449
2454 1.163589
2455 1.163701
2456 1.162912
2457 1.162924
2458 1.161578
2459 1.161969
2460 1.161067
2461 1.161328
2462 1.161572
2463 1.161815
2464 1.160866
2465 1.162064
2466 1.162242
2467 1.161340
2468 1.162272
2469 1.162117
2470 1.161987
2471 1.162616
2472 1.162135
2473 1.162011
2474 1.161750
2475 1.162046
2476 1.162764
2477 1.161738
2478 1.161981
2479 1.162230
2480 1.162361
2481 1.162586
2482 1.162408
2483 1.161696
2484 1.161934
2485 1.162165
2486 1.163577
2487 1.164022
2488 1.164556
2489 1.163334
2490 1.163690
2491 1.163559
2492 1.164111
2493 1.163583
2494 1.163909
2495 1.164716
2496 1.165143
2497 1.165434
2498 1.164929
2499 1.164692
2500 1.164075
2501 1.163417
2502 1.163820
2503 1.163429
2504 1.163784
2505 1.163945
2506 1.164692
2507 1.164769
2508 1.164069
2509 1.163529
2510 1.163612
2511 1.163458
2512 1.162622
2513 1.163423
2514 1.164259
2515 1.164799
2516 1.164105
2517 1.163381
2518 1.163873
2519 1.165268
2520 1.164888
2521 1.164799
2522 1.165422
2523 1.165374
2524 1.165635
2525 1.165944
2526 1.165629
2527 1.165036
2528 1.164378
2529 1.165185
2530 1.164923
2531 1.164390
2532 1.163790
2533 1.163387
2534 1.162794
2535 1.162497
2536 1.161934
2537 1.163096
2538 1.162325
2539 1.161939
2540 1.161649
2541 1.162082
2542 1.161506
2543 1.161999
2544 1.161233
2545 1.159928
2546 1.160539
2547 1.160883
2548 1.161245
2549 1.160646
2550 1.160581
2551 1.159371
2552 1.159021
2553 1.158688
2554 1.158588
2555 1.158617
2556 1.159044
2557 1.159857
2558 1.160172
2559 1.160225
2560 1.160320
2561 1.161222
2562 1.162206
2563 1.162865
2564 1.163909
2565 1.162871
2566 1.162491
2567 1.161732
2568 1.161014
2569 1.161471
2570 1.161530
2571 1.161364
2572 1.161566
2573 1.162717
2574 1.162070
2575 1.162728
2576 1.162171
2577 1.163808
2578 1.164152
2579 1.164212
2580 1.163903
2581 1.164182
2582 1.165196
2583 1.164532
2584 1.164757
2585 1.164876
2586 1.165683
2587 1.167083
2588 1.167409
2589 1.167012
2590 1.167231
2591 1.167652
2592 1.168038
2593 1.167563
2594 1.166834
2595 1.166359
2596 1.166662
2597 1.165647
2598 1.165398
2599 1.165790
2600 1.165214
2601 1.164769
2602 1.164526
2603 1.164182
2604 1.163156
2605 1.163470
2606 1.163298
2607 1.163369
2608 1.163434
2609 1.162562
2610 1.162675
2611 1.163328
2612 1.162734
2613 1.163695
2614 1.163114
2615 1.162758
2616 1.163298
2617 1.163553
2618 1.163067
2619 1.162165
2620 1.162527
2621 1.163126
2622 1.162687
2623 1.163049
2624 1.163488
2625 1.163363
2626 1.163512
2627 1.162906
2628 1.162616
2629 1.162307
2630 1.162248
2631 1.162723
2632 1.163203
2633 1.163251
2634 1.163363
2635 1.164680
2636 1.164206
2637 1.163838
2638 1.163927
2639 1.164573
2640 1.164781
2641 1.164372
2642 1.164674
2643 1.164117
2644 1.164467
2645 1.165030
2646 1.164218
2647 1.165007
2648 1.165036
2649 1.163945
2650 1.164467
2651 1.164787
2652 1.164028
2653 1.164366
2654 1.164170
2655 1.164057
2656 1.164496
2657 1.163784
2658 1.163986
2659 1.164218
2660 1.164265
2661 1.164277
2662 1.165185
2663 1.165173
2664 1.164556
2665 1.165546
2666 1.165392
2667 1.164609
2668 1.163814
2669 1.163678
2670 1.163494
2671 1.163013
2672 1.162450
2673 1.163197
2674 1.163583
2675 1.164585
2676 1.165060
2677 1.164591
2678 1.163856
2679 1.163891
2680 1.162912
2681 1.162901
2682 1.162693
2683 1.163007
2684 1.163476
2685 1.162675
2686 1.162313
2687 1.163719
2688 1.163595
2689 1.163559
2690 1.163618
2691 1.163512
2692 1.163434
2693 1.164069
2694 1.165226
2695 1.165493
2696 1.166401
2697 1.166223
2698 1.166057
2699 1.165042
2700 1.165624
2701 1.165707
2702 1.165718
2703 1.165772
2704 1.165351
2705 1.166045
2706 1.166276
2707 1.166199
2708 1.166780
2709 1.166964
2710 1.165908
2711 1.166407
2712 1.166513
2713 1.166917
2714 1.166887
2715 1.166982
2716 1.166769
2717 1.167569
2718 1.168121
2719 1.168447
2720 1.167403
2721 1.167338
2722 1.165950
2723 1.165861
2724 1.166561
2725 1.165410
2726 1.165285
2727 1.165398
2728 1.165766
2729 1.166122
2730 1.165220
2731 1.165956
2732 1.165517
2733 1.165724
2734 1.165119
2735 1.164591
2736 1.164662
2737 1.164413
2738 1.164295
2739 1.163933
2740 1.163957
2741 1.163690
2742 1.164787
2743 1.164692
2744 1.165327
2745 1.164099
2746 1.165855
2747 1.165600
2748 1.166009
2749 1.166306
2750 1.165730
2751 1.166152
2752 1.166828
2753 1.166988
2754 1.166834
2755 1.166460
2756 1.166976
2757 1.167285
2758 1.167872
2759 1.169029
2760 1.168673
2761 1.168418
2762 1.168109
2763 1.168317
2764 1.167457
2765 1.167522
2766 1.166816
2767 1.167142
2768 1.166537
2769 1.167380
2770 1.167652
2771 1.167730
2772 1.166911
2773 1.167302
2774 1.166537
2775 1.166401
2776 1.166703
2777 1.166448
2778 1.166436
2779 1.165890
2780 1.166347
2781 1.166555
2782 1.166448
2783 1.166727
2784 1.167124
2785 1.166857
2786 1.166881
2787 1.166377
2788 1.166507
2789 1.166430
2790 1.166685
2791 1.165950
2792 1.166169
2793 1.166193
2794 1.166193
2795 1.165463
2796 1.165493
2797 1.164057
2798 1.164532
2799 1.164342
2800 1.164028
2801 1.163873
2802 1.164247
2803 1.164342
2804 1.164111
2805 1.164259
2806 1.164526
2807 1.164431
2808 1.163245
2809 1.162723
2810 1.162687
2811 1.162384
2812 1.163452
2813 1.164657
2814 1.165214
2815 1.165766
2816 1.166935
2817 1.166905
2818 1.166241
2819 1.166187
2820 1.166181
2821 1.167296
2822 1.168281
2823 1.169266
2824 1.168857
2825 1.170251
2826 1.169414
2827 1.167943
2828 1.167196
2829 1.166733
2830 1.166846
2831 1.166300
2832 1.166318
2833 1.166745
2834 1.167362
2835 1.167166
2836 1.167534
2837 1.167071
2838 1.166697
2839 1.167018
2840 1.166525
2841 1.167718
2842 1.168103
2843 1.167522
2844 1.166952
2845 1.167890
2846 1.168323
2847 1.168459
2848 1.168097
2849 1.168614
2850 1.168240
2851 1.168169
2852 1.168020
2853 1.167261
2854 1.168091
2855 1.167801
2856 1.167030
2857 1.167101
2858 1.166721
2859 1.167563
2860 1.166869
2861 1.166602
2862 1.166389
2863 1.166086
2864 1.165185
2865 1.165279
2866 1.163992
2867 1.163334
2868 1.162954
2869 1.163405
2870 1.163464
2871 1.162728
2872 1.162467
2873 1.163814
2874 1.163850
2875 1.163826
2876 1.163945
2877 1.163832
2878 1.163951
2879 1.163939
2880 1.164123
2881 1.163921
2882 1.163755
2883 1.163535
2884 1.163114
2885 1.162918
2886 1.163280
2887 1.162901
2888 1.163547
2889 1.162669
2890 1.163078
2891 1.162456
2892 1.162806
2893 1.162960
2894 1.162586
2895 1.162456
2896 1.161951
2897 1.161411
2898 1.161334
2899 1.160883
2900 1.161198
2901 1.161216
2902 1.160516
2903 1.159685
2904 1.160397
2905 1.160711
2906 1.159477
2907 1.160611
2908 1.160717
2909 1.161091
2910 1.161257
2911 1.162117
2912 1.162693
2913 1.162497
2914 1.162076
2915 1.162699
2916 1.163114
2917 1.162408
2918 1.162373
2919 1.162521
2920 1.162200
2921 1.161708
2922 1.161969
2923 1.163031
2924 1.163233
2925 1.162782
2926 1.162628
2927 1.162871
2928 1.164271
2929 1.164775
2930 1.164449
2931 1.163292
2932 1.163571
2933 1.162337
2934 1.163167
2935 1.164633
2936 1.164461
2937 1.164218
2938 1.163933
2939 1.163962
2940 1.164271
2941 1.164016
2942 1.163909
2943 1.163470
2944 1.164117
2945 1.164799
2946 1.165339
2947 1.165582
2948 1.166074
2949 1.167385
2950 1.167083
2951 1.166306
2952 1.165956
2953 1.165677
2954 1.166074
2955 1.166774
2956 1.167332
2957 1.166490
2958 1.166727
2959 1.165790
2960 1.166217
2961 1.166347
2962 1.166917
2963 1.166330
2964 1.166365
2965 1.166086
2966 1.166252
2967 1.166442
2968 1.166472
2969 1.167178
2970 1.166235
2971 1.166490
2972 1.166680
2973 1.166318
2974 1.166549
2975 1.167486
2976 1.167652
2977 1.166863
2978 1.167012
2979 1.167457
2980 1.166187
2981 1.166430
2982 1.165665
2983 1.165374
2984 1.166068
2985 1.166608
2986 1.167024
2987 1.166822
2988 1.167213
2989 1.167492
2990 1.167368
2991 1.168133
2992 1.168530
2993 1.168649
2994 1.168548
2995 1.167575
2996 1.167943
2997 1.167623
2998 1.166881
2999 1.166057
3000 1.165274
