1 1.138556
2 1.118063
3 1.106808
4 1.099624
5 1.094646
6 1.090239
7 1.086248
8 1.082266
9 1.078272
10 1.074440
11 1.070164
12 1.066144
13 1.062639
14 1.058216
15 1.054182
16 1.050596
17 1.047929
18 1.044621
19 1.041666
20 1.039682
21 1.037480
22 1.035570
23 1.033539
24 1.031515
25 1.029600
26 1.028062
27 1.025720
28 1.024842
29 1.023527
30 1.022231
31 1.021743
32 1.020836
33 1.020335
34 1.019405
35 1.019063
36 1.018596
37 1.018119
38 1.018900
39 1.019699
40 1.020029
41 1.020027
42 1.020362
43 1.020131
44 1.021161
45 1.021149
46 1.021370
47 1.021940
48 1.022661
49 1.022875
50 1.023959
51 1.025300
52 1.025895
53 1.026930
54 1.027478
55 1.027737
56 1.029035
57 1.029825
58 1.031097
59 1.031840
60 1.033161
61 1.033800
62 1.035489
63 1.036882
64 1.037419
65 1.038586
66 1.039908
67 1.041158
68 1.042924
69 1.043600
70 1.044851
71 1.045454
72 1.046835
73 1.048814
74 1.051073
75 1.052817
76 1.054931
77 1.056623
78 1.058479
79 1.059402
80 1.061042
81 1.062793
82 1.064196
83 1.066006
84 1.067416
85 1.068313
86 1.069827
87 1.071592
88 1.073529
89 1.074627
90 1.076065
91 1.077266
92 1.077954
93 1.079188
94 1.080600
95 1.082131
96 1.083339
97 1.084715
98 1.086459
99 1.088369
100 1.089822
101 1.090887
102 1.091986
103 1.093357
104 1.094439
105 1.096307
106 1.097524
107 1.099043
108 1.100256
109 1.101558
110 1.102085
111 1.103735
112 1.104871
113 1.106781
114 1.107019
115 1.107942
116 1.109385
117 1.109814
118 1.110331
119 1.110761
120 1.112201
121 1.113056
122 1.114994
123 1.116375
124 1.117598
125 1.118782
126 1.120177
127 1.121727
128 1.122885
129 1.124007
130 1.124966
131 1.126653
132 1.127004
133 1.128307
134 1.129277
135 1.130927
136 1.131790
137 1.133058
138 1.134403
139 1.135397
140 1.135490
141 1.136463
142 1.137436
143 1.138815
144 1.139244
145 1.140037
146 1.140601
147 1.142391
148 1.144085
149 1.144405
150 1.145072
151 1.145720
152 1.146195
153 1.146199
154 1.146700
155 1.147685
156 1.148639
157 1.149056
158 1.149424
159 1.148947
160 1.149206
161 1.149130
162 1.150338
163 1.150703
164 1.151138
165 1.152035
166 1.152194
167 1.153015
168 1.153537
169 1.154208
170 1.155219
171 1.155810
172 1.155464
173 1.155841
174 1.156026
175 1.155779
176 1.156660
177 1.156918
178 1.158048
179 1.157647
180 1.157521
181 1.157972
182 1.158710
183 1.159498
184 1.159604
185 1.159913
186 1.160983
187 1.161301
188 1.162049
189 1.162941
190 1.163501
191 1.164018
192 1.163738
193 1.163895
194 1.163695
195 1.164476
196 1.165618
197 1.165898
198 1.166685
199 1.166797
200 1.166984
201 1.167507
202 1.167561
203 1.167215
204 1.167110
205 1.168226
206 1.168245
207 1.168752
208 1.168449
209 1.168669
210 1.169106
211 1.169481
212 1.169599
213 1.169445
214 1.169289
215 1.169965
216 1.170981
217 1.170288
218 1.170898
219 1.171830
220 1.171683
221 1.171882
222 1.172065
223 1.172547
224 1.172616
225 1.172836
226 1.173427
227 1.173254
228 1.173676
229 1.173947
230 1.174481
231 1.175069
232 1.175420
233 1.175646
234 1.175387
235 1.174557
236 1.174526
237 1.174642
238 1.174659
239 1.174545
240 1.175057
241 1.175411
242 1.175748
243 1.176723
244 1.177096
245 1.176555
246 1.176918
247 1.177300
248 1.177082
249 1.177559
250 1.178173
251 1.178838
252 1.178733
253 1.178017
254 1.177850
255 1.178491
256 1.178569
257 1.178361
258 1.178605
259 1.179051
260 1.178548
261 1.178308
262 1.178349
263 1.178332
264 1.178607
265 1.179023
266 1.179808
267 1.180176
268 1.180425
269 1.180933
270 1.181249
271 1.180726
272 1.180976
273 1.181529
274 1.181073
275 1.181457
276 1.181460
277 1.181443
278 1.182354
279 1.182155
280 1.182442
281 1.182072
282 1.182359
283 1.181941
284 1.181564
285 1.181832
286 1.182732
287 1.182670
288 1.183099
289 1.182815
290 1.182445
291 1.182350
292 1.181918
293 1.182148
294 1.182098
295 1.181512
296 1.181763
297 1.181775
298 1.182119
299 1.182547
300 1.182846
301 1.182620
302 1.182630
303 1.182933
304 1.182959
305 1.183282
306 1.183752
307 1.184637
308 1.184967
309 1.185318
310 1.185354
311 1.185518
312 1.185893
313 1.186218
314 1.186116
315 1.185802
316 1.185605
317 1.185532
318 1.185945
319 1.186218
320 1.186721
321 1.186671
322 1.186526
323 1.186697
324 1.186633
325 1.187015
326 1.186576
327 1.186927
328 1.186873
329 1.186723
330 1.185902
331 1.185862
332 1.186215
333 1.186360
334 1.186806
335 1.186386
336 1.186123
337 1.186177
338 1.186237
339 1.186790
340 1.186709
341 1.187041
342 1.186555
343 1.186801
344 1.186132
345 1.186441
346 1.185741
347 1.185769
348 1.186192
349 1.185923
350 1.186258
351 1.186668
352 1.185904
353 1.186536
354 1.186903
355 1.187164
356 1.187741
357 1.187622
358 1.187919
359 1.188220
360 1.187888
361 1.188206
362 1.188228
363 1.188057
364 1.188792
365 1.189257
366 1.189808
367 1.189715
368 1.189492
369 1.188973
370 1.188745
371 1.188057
372 1.188173
373 1.188012
374 1.187582
375 1.187765
376 1.187319
377 1.187131
378 1.187416
379 1.187371
380 1.187993
381 1.188935
382 1.189094
383 1.188579
384 1.188391
385 1.188443
386 1.188303
387 1.188496
388 1.188256
389 1.188370
390 1.188515
391 1.188640
392 1.189419
393 1.189718
394 1.189912
395 1.190133
396 1.189794
397 1.188818
398 1.189039
399 1.189160
400 1.189340
401 1.189732
402 1.189946
403 1.189480
404 1.189374
405 1.189291
406 1.189499
407 1.189098
408 1.189784
409 1.189462
410 1.189528
411 1.189841
412 1.190358
413 1.189948
414 1.190313
415 1.190394
416 1.190368
417 1.190484
418 1.191018
419 1.191144
420 1.190990
421 1.191175
422 1.191061
423 1.190294
424 1.189957
425 1.189820
426 1.189343
427 1.189979
428 1.189867
429 1.190116
430 1.189630
431 1.189896
432 1.190679
433 1.190814
434 1.191562
435 1.191692
436 1.191645
437 1.192338
438 1.191694
439 1.191557
440 1.191436
441 1.191002
442 1.191735
443 1.191818
444 1.192008
445 1.192157
446 1.193173
447 1.193866
448 1.193417
449 1.193519
450 1.193659
451 1.193097
452 1.193026
453 1.192485
454 1.191590
455 1.191875
456 1.191533
457 1.191343
458 1.191429
459 1.191590
460 1.192179
461 1.192342
462 1.191728
463 1.192103
464 1.191730
465 1.191270
466 1.191082
467 1.191721
468 1.192463
469 1.192589
470 1.193104
471 1.192907
472 1.192238
473 1.192077
474 1.192499
475 1.192675
476 1.192739
477 1.192302
478 1.191604
479 1.190847
480 1.190596
481 1.190408
482 1.190342
483 1.190185
484 1.190261
485 1.190432
486 1.190318
487 1.190116
488 1.189929
489 1.189549
490 1.189775
491 1.189397
492 1.190036
493 1.189583
494 1.189751
495 1.189863
496 1.190019
497 1.190138
498 1.189718
499 1.189509
500 1.189986
501 1.190620
502 1.190541
503 1.191025
504 1.191044
505 1.191360
506 1.191350
507 1.191265
508 1.190712
509 1.190437
510 1.190812
511 1.191393
512 1.190985
513 1.190719
514 1.190147
515 1.190067
516 1.189568
517 1.189922
518 1.189348
519 1.189630
520 1.189405
521 1.190228
522 1.190000
523 1.189815
524 1.189927
525 1.189901
526 1.189796
527 1.189685
528 1.189117
529 1.189312
530 1.189559
531 1.189573
532 1.190090
533 1.190190
534 1.189950
535 1.189936
536 1.190062
537 1.190387
538 1.189898
539 1.189953
540 1.189908
541 1.189798
542 1.190012
543 1.190280
544 1.190112
545 1.189801
546 1.189518
547 1.189177
548 1.188996
549 1.189706
550 1.189950
551 1.189737
552 1.189879
553 1.189656
554 1.189874
555 1.189903
556 1.189177
557 1.189110
558 1.189485
559 1.189274
560 1.189350
561 1.189580
562 1.189549
563 1.189208
564 1.188562
565 1.189191
566 1.188648
567 1.189231
568 1.188904
569 1.189393
570 1.189466
571 1.190000
572 1.190439
573 1.190033
574 1.190859
575 1.190814
576 1.190999
577 1.191998
578 1.192326
579 1.192368
580 1.193208
581 1.192769
582 1.193306
583 1.193318
584 1.193054
585 1.192544
586 1.192591
587 1.191583
588 1.191953
589 1.192376
590 1.192627
591 1.192660
592 1.192667
593 1.192245
594 1.191607
595 1.192022
596 1.191552
597 1.191474
598 1.191673
599 1.191939
600 1.191996
601 1.192103
602 1.192470
603 1.192663
604 1.192354
605 1.193645
606 1.193621
607 1.193671
608 1.192727
609 1.192029
610 1.192243
611 1.191906
612 1.192027
613 1.192069
614 1.191633
615 1.191158
616 1.190724
617 1.190657
618 1.189927
619 1.189675
620 1.190923
621 1.190795
622 1.191070
623 1.190983
624 1.191362
625 1.191557
626 1.191400
627 1.191851
628 1.191521
629 1.191737
630 1.191697
631 1.191588
632 1.191372
633 1.191853
634 1.191891
635 1.192416
636 1.192029
637 1.191789
638 1.191030
639 1.190999
640 1.190776
641 1.190729
642 1.191118
643 1.190902
644 1.191146
645 1.190904
646 1.191177
647 1.191469
648 1.191353
649 1.191381
650 1.191260
651 1.191220
652 1.191066
653 1.190710
654 1.190833
655 1.190610
656 1.191085
657 1.190859
658 1.190973
659 1.190800
660 1.191816
661 1.191846
662 1.191633
663 1.191545
664 1.191134
665 1.191134
666 1.191134
667 1.191134
668 1.191134
669 1.191134
670 1.191134
671 1.191134
672 1.191134
673 1.191134
674 1.191134
675 1.191134
676 1.191134
677 1.191134
678 1.191134
679 1.191134
680 1.191134
681 1.191134
682 1.191134
683 1.191134
684 1.191134
685 1.191134
686 1.191134
687 1.191134
688 1.191134
689 1.191134
690 1.191134
691 1.191134
692 1.191134
693 1.191134
694 1.191134
695 1.191134
696 1.191134
697 1.191134
698 1.191134
699 1.191134
700 1.191134
