1 1.138556
2 1.118094
3 1.106739
4 1.099672
5 1.094708
6 1.090458
7 1.086433
8 1.082332
9 1.078192
10 1.074108
11 1.070133
12 1.066402
13 1.062914
14 1.058434
15 1.054236
16 1.051033
17 1.048406
18 1.045359
19 1.042649
20 1.040252
21 1.037680
22 1.035591
23 1.033672
24 1.031581
25 1.029868
26 1.028897
27 1.027466
28 1.025881
29 1.024932
30 1.023378
31 1.022269
32 1.020596
33 1.020321
34 1.019325
35 1.018582
36 1.018931
37 1.019192
38 1.019583
39 1.019028
40 1.018551
41 1.018278
42 1.018836
43 1.018783
44 1.019661
45 1.020293
46 1.020651
47 1.020898
48 1.021299
49 1.021852
50 1.022303
51 1.022991
52 1.023366
53 1.024450
54 1.025542
55 1.026444
56 1.027350
57 1.028221
58 1.028750
59 1.029782
60 1.031042
61 1.032070
62 1.033128
63 1.034853
64 1.036019
65 1.037390
66 1.039160
67 1.040050
68 1.041071
69 1.042290
70 1.044056
71 1.045280
72 1.046628
73 1.048275
74 1.050261
75 1.052193
76 1.053363
77 1.054739
78 1.056051
79 1.057162
80 1.059075
81 1.059699
82 1.061557
83 1.062900
84 1.064760
85 1.066580
86 1.068047
87 1.069955
88 1.071129
89 1.072988
90 1.074383
91 1.075785
92 1.077285
93 1.078695
94 1.080557
95 1.082052
96 1.083645
97 1.084907
98 1.085958
99 1.087418
100 1.089378
101 1.091210
102 1.092736
103 1.093723
104 1.095246
105 1.096392
106 1.097536
107 1.098773
108 1.100391
109 1.101649
110 1.102638
111 1.104359
112 1.105884
113 1.106786
114 1.108193
115 1.108416
116 1.109563
117 1.110918
118 1.112014
119 1.113222
120 1.113938
121 1.115096
122 1.116456
123 1.117427
124 1.118651
125 1.119140
126 1.120364
127 1.121354
128 1.123169
129 1.124441
130 1.124251
131 1.126062
132 1.127106
133 1.128138
134 1.128504
135 1.129455
136 1.130492
137 1.131418
138 1.131907
139 1.132934
140 1.133193
141 1.134258
142 1.134916
143 1.135775
144 1.137578
145 1.138765
146 1.140103
147 1.141010
148 1.141617
149 1.142438
150 1.143046
151 1.143473
152 1.143722
153 1.144166
154 1.144607
155 1.145521
156 1.145732
157 1.146577
158 1.147234
159 1.147319
160 1.147690
161 1.149128
162 1.150124
163 1.149716
164 1.150475
165 1.150672
166 1.151183
167 1.151565
168 1.151453
169 1.152303
170 1.153010
171 1.153375
172 1.154087
173 1.154149
174 1.154488
175 1.155354
176 1.155269
177 1.156066
178 1.157241
179 1.157450
180 1.157770
181 1.158425
182 1.158729
183 1.157991
184 1.157853
185 1.157585
186 1.158067
187 1.158575
188 1.159657
189 1.160172
190 1.160312
191 1.160535
192 1.160902
193 1.161425
194 1.162136
195 1.162573
196 1.162924
197 1.163200
198 1.163679
199 1.164312
200 1.164502
201 1.165281
202 1.165518
203 1.165898
204 1.165539
205 1.165703
206 1.165786
207 1.166432
208 1.167094
209 1.167089
210 1.167832
211 1.167843
212 1.168123
213 1.169096
214 1.168714
215 1.168748
216 1.169289
217 1.169927
218 1.169915
219 1.170342
220 1.170383
221 1.170364
222 1.170257
223 1.170717
224 1.170753
225 1.171814
226 1.172390
227 1.172969
228 1.173218
229 1.173287
230 1.173214
231 1.173057
232 1.173482
233 1.173816
234 1.173916
235 1.173560
236 1.174284
237 1.174908
238 1.175824
239 1.176078
240 1.176635
241 1.176873
242 1.177395
243 1.177494
244 1.177793
245 1.178178
246 1.177604
247 1.178465
248 1.178102
249 1.178176
250 1.178586
251 1.179298
252 1.179661
253 1.179194
254 1.179288
255 1.179455
256 1.180266
257 1.180544
258 1.181078
259 1.181362
260 1.181308
261 1.180895
262 1.180888
263 1.180769
264 1.181341
265 1.181446
266 1.181621
267 1.182079
268 1.181839
269 1.181464
270 1.180534
271 1.180800
272 1.181075
273 1.180212
274 1.180496
275 1.180261
276 1.180923
277 1.180897
278 1.181154
279 1.181052
280 1.181154
281 1.182127
282 1.182238
283 1.181979
284 1.182157
285 1.181792
286 1.181823
287 1.182096
288 1.181699
289 1.182354
290 1.182511
291 1.182713
292 1.182267
293 1.182402
294 1.183197
295 1.183572
296 1.184037
297 1.184708
298 1.184649
299 1.184659
300 1.184604
301 1.184521
302 1.183762
303 1.183543
304 1.183821
305 1.183714
306 1.184284
307 1.184163
308 1.183731
309 1.184056
310 1.184331
311 1.184670
312 1.185461
313 1.186049
314 1.185337
315 1.185128
316 1.185456
317 1.186009
318 1.185817
319 1.186142
320 1.186218
321 1.185836
322 1.185874
323 1.185755
324 1.186201
325 1.186588
326 1.186578
327 1.187257
328 1.187380
329 1.186982
330 1.186472
331 1.186493
332 1.186721
333 1.186759
334 1.187435
335 1.188375
336 1.188731
337 1.188308
338 1.188448
339 1.187760
340 1.188173
341 1.188140
342 1.188572
343 1.189063
344 1.189139
345 1.189053
346 1.189075
347 1.188776
348 1.188546
349 1.189286
350 1.189526
351 1.189590
352 1.189419
353 1.189625
354 1.190088
355 1.189858
356 1.190627
357 1.190615
358 1.191678
359 1.191640
360 1.191111
361 1.191676
362 1.191614
363 1.191305
364 1.191068
365 1.191298
366 1.191374
367 1.191291
368 1.191085
369 1.190207
370 1.189817
371 1.190344
372 1.190489
373 1.190539
374 1.190845
375 1.190935
376 1.191073
377 1.190686
378 1.191248
379 1.190816
380 1.190736
381 1.191025
382 1.190795
383 1.190738
384 1.190461
385 1.190895
386 1.191011
387 1.191054
388 1.190954
389 1.190641
390 1.190522
391 1.190622
392 1.191293
393 1.190624
394 1.190351
395 1.189848
396 1.189663
397 1.189756
398 1.190005
399 1.189495
400 1.189941
401 1.189526
402 1.189485
403 1.189578
404 1.189839
405 1.189677
406 1.190453
407 1.190235
408 1.189620
409 1.189599
410 1.189454
411 1.189575
412 1.190292
413 1.190169
414 1.189986
415 1.189421
416 1.189174
417 1.189058
418 1.189471
419 1.190105
420 1.189450
421 1.189637
422 1.189673
423 1.189578
424 1.189540
425 1.190000
426 1.189979
427 1.189708
428 1.190188
429 1.190223
430 1.189689
431 1.189305
432 1.189644
433 1.189388
434 1.189730
435 1.189476
436 1.189644
437 1.189348
438 1.189587
439 1.189120
440 1.189037
441 1.189177
442 1.189870
443 1.189927
444 1.190809
445 1.190392
446 1.189583
447 1.189855
448 1.189991
449 1.189658
450 1.188607
451 1.189181
452 1.189174
453 1.189184
454 1.188638
455 1.188935
456 1.188885
457 1.188980
458 1.189495
459 1.189597
460 1.189656
461 1.189810
462 1.189647
463 1.188771
464 1.189255
465 1.189260
466 1.189063
467 1.189032
468 1.189715
469 1.189609
470 1.189257
471 1.189276
472 1.188216
473 1.188470
474 1.188396
475 1.188349
476 1.187969
477 1.188524
478 1.188320
479 1.188434
480 1.188864
481 1.189637
482 1.190413
483 1.190340
484 1.190769
485 1.190812
486 1.191180
487 1.191331
488 1.191835
489 1.191153
490 1.190795
491 1.190845
492 1.192077
493 1.192779
494 1.192762
495 1.192603
496 1.192629
497 1.193180
498 1.192836
499 1.192841
500 1.192565
501 1.192212
502 1.192217
503 1.192440
504 1.192900
505 1.192459
506 1.191794
507 1.192219
508 1.191569
509 1.191123
510 1.191768
511 1.192024
512 1.192058
513 1.192041
514 1.192048
515 1.192810
516 1.192805
517 1.192406
518 1.192274
519 1.192224
520 1.192048
521 1.191526
522 1.191566
523 1.191545
524 1.191573
525 1.192290
526 1.192124
527 1.192414
528 1.192221
529 1.192720
530 1.192494
531 1.192323
532 1.192411
533 1.191910
534 1.192307
535 1.191377
536 1.191732
537 1.192694
538 1.193087
539 1.193068
540 1.192938
541 1.193363
542 1.193284
543 1.192860
544 1.192027
545 1.191875
546 1.191564
547 1.191163
548 1.191215
549 1.192010
550 1.192677
551 1.192084
552 1.191649
553 1.191455
554 1.190964
555 1.191035
556 1.190335
557 1.190745
558 1.190980
559 1.190987
560 1.191066
561 1.190752
562 1.190945
563 1.191839
564 1.191220
565 1.190698
566 1.191189
567 1.191234
568 1.191830
569 1.191547
570 1.191547
571 1.191322
572 1.191747
573 1.192411
574 1.191481
575 1.191626
576 1.191806
577 1.191927
578 1.191678
579 1.192311
580 1.192209
581 1.192867
582 1.193372
583 1.192573
584 1.192755
585 1.192715
586 1.192815
587 1.192615
588 1.192715
589 1.192570
590 1.192228
591 1.192777
592 1.192862
593 1.193676
594 1.193320
595 1.193612
596 1.193892
597 1.193702
598 1.193852
599 1.193681
600 1.193792
601 1.193778
602 1.194044
603 1.194402
604 1.193586
605 1.193607
606 1.193664
607 1.193282
608 1.193182
609 1.193175
610 1.193273
611 1.192556
612 1.191808
613 1.192323
614 1.191775
615 1.191744
616 1.191770
617 1.191713
618 1.192129
619 1.191312
620 1.190900
621 1.191267
622 1.191431
623 1.191165
624 1.191009
625 1.191089
626 1.191346
627 1.191246
628 1.191360
629 1.191531
630 1.191277
631 1.190994
632 1.191320
633 1.190741
634 1.190503
635 1.190835
636 1.191227
637 1.190854
638 1.191013
639 1.190038
640 1.189941
641 1.190461
642 1.190484
643 1.190719
644 1.191070
645 1.190966
646 1.191673
647 1.190933
648 1.191123
649 1.191616
650 1.191761
651 1.191993
652 1.191569
653 1.190895
654 1.190983
655 1.190541
656 1.191778
657 1.191573
658 1.191215
659 1.190919
660 1.190396
661 1.190366
662 1.190408
663 1.190192
664 1.190411
665 1.189815
666 1.190909
667 1.190517
668 1.190264
669 1.190152
670 1.189326
671 1.188764
672 1.188856
673 1.189153
674 1.189509
675 1.189946
676 1.189798
677 1.189953
678 1.190121
679 1.190041
680 1.190190
681 1.190520
682 1.190973
683 1.191134
684 1.191241
685 1.191113
686 1.191581
687 1.190819
688 1.190375
689 1.191006
690 1.190472
691 1.189941
692 1.191080
693 1.190956
694 1.191180
695 1.190396
696 1.190259
697 1.190468
698 1.191310
699 1.191849
700 1.192347
