1 1.138556
2 1.118181
3 1.106781
4 1.099454
5 1.094689
6 1.090320
7 1.086431
8 1.082283
9 1.078023
10 1.073996
11 1.069808
12 1.066009
13 1.062295
14 1.057853
15 1.053626
16 1.049777
17 1.047105
18 1.044331
19 1.041355
20 1.038776
21 1.036045
22 1.033821
23 1.031534
24 1.029948
25 1.028802
26 1.027393
27 1.025931
28 1.024389
29 1.022950
30 1.021743
31 1.020684
32 1.019828
33 1.019099
34 1.018698
35 1.018098
36 1.017671
37 1.017540
38 1.017989
39 1.017820
40 1.017962
41 1.018677
42 1.019163
43 1.019531
44 1.019792
45 1.020316
46 1.020022
47 1.020297
48 1.021012
49 1.021346
50 1.023143
51 1.023961
52 1.025269
53 1.025589
54 1.026581
55 1.027155
56 1.028140
57 1.029362
58 1.030532
59 1.032034
60 1.032798
61 1.033762
62 1.034896
63 1.036754
64 1.037981
65 1.039768
66 1.041128
67 1.042381
68 1.043762
69 1.045392
70 1.047290
71 1.048657
72 1.050722
73 1.052096
74 1.053669
75 1.055031
76 1.056533
77 1.057803
78 1.059414
79 1.060719
80 1.062311
81 1.063401
82 1.064782
83 1.066664
84 1.068163
85 1.070092
86 1.071604
87 1.073218
88 1.074639
89 1.075671
90 1.076853
91 1.079081
92 1.080631
93 1.081768
94 1.082648
95 1.084288
96 1.085140
97 1.085792
98 1.087361
99 1.089466
100 1.090742
101 1.092190
102 1.093542
103 1.094285
104 1.095944
105 1.096706
106 1.098497
107 1.099197
108 1.100158
109 1.101440
110 1.102033
111 1.103137
112 1.103789
113 1.104579
114 1.106331
115 1.107529
116 1.108872
117 1.110078
118 1.111240
119 1.112417
120 1.113219
121 1.114093
122 1.115020
123 1.115789
124 1.116850
125 1.118791
126 1.120374
127 1.121482
128 1.121769
129 1.122949
130 1.123656
131 1.124318
132 1.125338
133 1.127253
134 1.127963
135 1.129168
136 1.129631
137 1.130865
138 1.131456
139 1.132365
140 1.133630
141 1.134014
142 1.135246
143 1.136342
144 1.137597
145 1.138198
146 1.139163
147 1.140196
148 1.141209
149 1.141966
150 1.142799
151 1.143983
152 1.144847
153 1.145041
154 1.145568
155 1.145732
156 1.146403
157 1.147063
158 1.147084
159 1.147531
160 1.147910
161 1.148705
162 1.148700
163 1.149476
164 1.150324
165 1.151111
166 1.151681
167 1.152495
168 1.153012
169 1.153518
170 1.154085
171 1.154638
172 1.155907
173 1.156562
174 1.156821
175 1.157426
176 1.157979
177 1.158314
178 1.158729
179 1.159604
180 1.160084
181 1.160191
182 1.161403
183 1.161999
184 1.162611
185 1.162763
186 1.163347
187 1.163567
188 1.163857
189 1.163743
190 1.163838
191 1.164500
192 1.164804
193 1.164956
194 1.165233
195 1.165219
196 1.165959
197 1.166114
198 1.166275
199 1.166344
200 1.166263
201 1.166216
202 1.166892
203 1.167585
204 1.167238
205 1.166745
206 1.166586
207 1.166047
208 1.166519
209 1.166887
210 1.167151
211 1.167974
212 1.167654
213 1.168230
214 1.169220
215 1.169130
216 1.169607
217 1.170098
218 1.170399
219 1.170924
220 1.171182
221 1.171443
222 1.172445
223 1.172378
224 1.172673
225 1.172846
226 1.172552
227 1.172089
228 1.172449
229 1.172241
230 1.171821
231 1.172167
232 1.172775
233 1.172499
234 1.173097
235 1.173470
236 1.174324
237 1.174671
238 1.174324
239 1.174289
240 1.174946
241 1.174929
242 1.175107
243 1.175024
244 1.174903
245 1.175651
246 1.175760
247 1.176434
248 1.177025
249 1.176951
250 1.176953
251 1.177165
252 1.177407
253 1.177727
254 1.177150
255 1.176975
256 1.176697
257 1.177241
258 1.177392
259 1.178456
260 1.178612
261 1.178712
262 1.178864
263 1.178648
264 1.178985
265 1.179419
266 1.179680
267 1.179820
268 1.180235
269 1.180857
270 1.181472
271 1.181960
272 1.181491
273 1.181491
274 1.181170
275 1.181628
276 1.181415
277 1.181453
278 1.181714
279 1.182741
280 1.182831
281 1.182274
282 1.182421
283 1.182224
284 1.182440
285 1.182361
286 1.182129
287 1.182172
288 1.181823
289 1.182119
290 1.181721
291 1.181842
292 1.182407
293 1.182784
294 1.182819
295 1.183171
296 1.183894
297 1.183902
298 1.183721
299 1.184222
300 1.183892
301 1.184625
302 1.185304
303 1.185634
304 1.185601
305 1.185795
306 1.184941
307 1.185610
308 1.185295
309 1.185641
310 1.185359
311 1.184613
312 1.185223
313 1.185069
314 1.184986
315 1.185553
316 1.186097
317 1.186526
318 1.186887
319 1.186884
320 1.187561
321 1.187250
322 1.187528
323 1.187096
324 1.187290
325 1.187466
326 1.187516
327 1.187482
328 1.187060
329 1.186600
330 1.186934
331 1.186419
332 1.186082
333 1.185484
334 1.186213
335 1.186251
336 1.186210
337 1.186588
338 1.186595
339 1.186794
340 1.186543
341 1.186754
342 1.186545
343 1.186500
344 1.185762
345 1.185100
346 1.185529
347 1.185935
348 1.184789
349 1.184960
350 1.184732
351 1.184810
352 1.185143
353 1.185757
354 1.185548
355 1.186009
356 1.185769
357 1.186590
358 1.187122
359 1.186369
360 1.187005
361 1.187293
362 1.187285
363 1.187556
364 1.187392
365 1.187371
366 1.187112
367 1.186846
368 1.186944
369 1.186597
370 1.185968
371 1.185159
372 1.185582
373 1.185439
374 1.185684
375 1.185859
376 1.186104
377 1.186502
378 1.187110
379 1.186721
380 1.186505
381 1.187278
382 1.187698
383 1.188066
384 1.187342
385 1.187295
386 1.187751
387 1.188080
388 1.188325
389 1.187779
390 1.187864
391 1.188090
392 1.187803
393 1.187905
394 1.188249
395 1.187637
396 1.187789
397 1.187796
398 1.188038
399 1.188031
400 1.188023
401 1.187627
402 1.187900
403 1.188118
404 1.188287
405 1.188823
406 1.189082
407 1.188648
408 1.187570
409 1.187703
410 1.187684
411 1.187380
412 1.187245
413 1.187399
414 1.187516
415 1.187876
416 1.187145
417 1.186792
418 1.186922
419 1.187546
420 1.187649
421 1.188144
422 1.188484
423 1.188773
424 1.189129
425 1.189770
426 1.189991
427 1.189535
428 1.189825
429 1.190480
430 1.190472
431 1.189725
432 1.189421
433 1.189307
434 1.189022
435 1.188389
436 1.187665
437 1.187689
438 1.188344
439 1.188512
440 1.188398
441 1.188163
442 1.187822
443 1.188339
444 1.188107
445 1.188251
446 1.188795
447 1.189371
448 1.189734
449 1.189523
450 1.189462
451 1.189464
452 1.189151
453 1.188225
454 1.188650
455 1.189046
456 1.188192
457 1.188527
458 1.189215
459 1.189583
460 1.189654
461 1.188954
462 1.189362
463 1.189348
464 1.189291
465 1.189535
466 1.189772
467 1.189428
468 1.188776
469 1.188458
470 1.188550
471 1.189027
472 1.188918
473 1.187993
474 1.187995
475 1.188133
476 1.188121
477 1.187796
478 1.187198
479 1.187637
480 1.187637
481 1.187753
482 1.188344
483 1.188546
484 1.188249
485 1.188766
486 1.188740
487 1.189170
488 1.189893
489 1.189870
490 1.189744
491 1.189699
492 1.190278
493 1.189620
494 1.190093
495 1.189509
496 1.189734
497 1.189763
498 1.190316
499 1.190634
500 1.190741
501 1.191272
502 1.190798
503 1.190563
504 1.190480
505 1.191358
506 1.191189
507 1.191471
508 1.191244
509 1.191120
510 1.191025
511 1.190453
512 1.190598
513 1.190738
514 1.190646
515 1.191305
516 1.192188
517 1.191925
518 1.191939
519 1.192311
520 1.192103
521 1.191789
522 1.191699
523 1.191925
524 1.191621
525 1.191429
526 1.191322
527 1.191903
528 1.191225
529 1.190185
530 1.189689
531 1.189583
532 1.189632
533 1.189798
534 1.190368
535 1.190570
536 1.190686
537 1.191471
538 1.191073
539 1.191213
540 1.191882
541 1.191652
542 1.191604
543 1.190752
544 1.190539
545 1.190532
546 1.190522
547 1.190760
548 1.190406
549 1.190907
550 1.190819
551 1.191056
552 1.190064
553 1.191054
554 1.190510
555 1.190598
556 1.190408
557 1.189575
558 1.189689
559 1.190086
560 1.189772
561 1.189822
562 1.190109
563 1.189889
564 1.189680
565 1.189711
566 1.189848
567 1.189903
568 1.190188
569 1.190729
570 1.190605
571 1.190648
572 1.190285
573 1.190956
574 1.191030
575 1.190781
576 1.190983
577 1.191483
578 1.192176
579 1.192639
580 1.192475
581 1.192492
582 1.192781
583 1.192708
584 1.192774
585 1.192302
586 1.192053
587 1.192050
588 1.191657
589 1.191502
590 1.191697
591 1.192008
592 1.192791
593 1.192779
594 1.193216
595 1.192988
596 1.192129
597 1.192456
598 1.192319
599 1.191801
600 1.191713
601 1.191932
602 1.192544
603 1.192938
604 1.192862
605 1.192831
606 1.193180
607 1.192632
608 1.192587
609 1.193405
610 1.194065
611 1.194936
612 1.194554
613 1.194302
614 1.194658
615 1.194179
616 1.194739
617 1.194770
618 1.195059
619 1.195012
620 1.194789
621 1.194340
622 1.195178
623 1.195218
624 1.195202
625 1.195328
626 1.195446
627 1.195230
628 1.194383
629 1.194172
630 1.194096
631 1.194279
632 1.193738
633 1.193980
634 1.193678
635 1.192796
636 1.192155
637 1.192527
638 1.192724
639 1.192779
640 1.193038
641 1.193263
642 1.193102
643 1.193567
644 1.193339
645 1.193610
646 1.193144
647 1.193201
648 1.192696
649 1.192390
650 1.192494
651 1.192924
652 1.192656
653 1.192978
654 1.193251
655 1.193023
656 1.193099
657 1.193448
658 1.193847
659 1.193455
660 1.193804
661 1.193619
662 1.193581
663 1.193078
664 1.193847
665 1.193396
666 1.192729
667 1.192086
668 1.192316
669 1.191735
670 1.191153
671 1.191623
672 1.191844
673 1.192143
674 1.192295
675 1.192463
676 1.191794
677 1.191811
678 1.192069
679 1.192392
680 1.192328
681 1.191343
682 1.191514
683 1.191654
684 1.191346
685 1.191156
686 1.191097
687 1.191536
688 1.190622
689 1.190971
690 1.190854
691 1.191040
692 1.192010
