1 1.162248
2 1.149600
3 1.140120
4 1.132597
5 1.127104
6 1.122251
7 1.118276
8 1.114029
9 1.109449
10 1.104845
11 1.101606
12 1.096302
13 1.091758
14 1.088329
15 1.084105
16 1.081091
17 1.077235
18 1.074447
19 1.070579
20 1.066652
21 1.062345
22 1.059390
23 1.057919
24 1.056151
25 1.052912
26 1.051476
27 1.049898
28 1.048676
29 1.046635
30 1.045164
31 1.042245
32 1.042364
33 1.039967
34 1.038496
35 1.038721
36 1.037357
37 1.036977
38 1.036609
39 1.034806
40 1.033252
41 1.032753
42 1.033133
43 1.034165
44 1.034901
45 1.035387
46 1.036170
47 1.036740
48 1.035435
49 1.034865
50 1.034687
51 1.034735
52 1.036076
53 1.035886
54 1.035209
55 1.037001
56 1.038199
57 1.039160
58 1.040703
59 1.040703
60 1.040715
61 1.041296
62 1.042542
63 1.044440
64 1.046790
65 1.048617
66 1.049602
67 1.050432
68 1.052603
69 1.053232
70 1.054882
71 1.057017
72 1.057148
73 1.058666
74 1.059473
75 1.060292
76 1.061051
77 1.062273
78 1.063424
79 1.064468
80 1.065109
81 1.067470
82 1.068977
83 1.070579
84 1.071469
85 1.073581
86 1.074281
87 1.076428
88 1.075978
89 1.079371
90 1.080676
91 1.082895
92 1.084734
93 1.085161
94 1.086288
95 1.087617
96 1.089136
97 1.090809
98 1.091711
99 1.093324
100 1.094914
101 1.097240
102 1.098640
103 1.099043
104 1.099743
105 1.101345
106 1.102721
107 1.105260
108 1.105901
109 1.106174
110 1.108986
111 1.110588
112 1.111050
113 1.111525
114 1.112178
115 1.113708
116 1.114776
117 1.117351
118 1.118988
119 1.119522
120 1.119486
121 1.121207
122 1.121397
123 1.121219
124 1.122121
125 1.123319
126 1.124256
127 1.126439
128 1.127151
129 1.127887
130 1.128907
131 1.128302
132 1.130106
133 1.130272
134 1.131043
135 1.131363
136 1.131755
137 1.132823
138 1.133333
139 1.135160
140 1.135077
141 1.135409
142 1.137296
143 1.138245
144 1.136774
145 1.137759
146 1.138815
147 1.139633
148 1.140049
149 1.141128
150 1.140772
151 1.141093
152 1.141449
153 1.142623
154 1.143584
155 1.144296
156 1.145435
157 1.147144
158 1.147286
159 1.146503
160 1.144889
161 1.144320
162 1.145388
163 1.145186
164 1.148022
165 1.148010
166 1.148710
167 1.148129
168 1.149422
169 1.151059
170 1.150869
171 1.151130
172 1.152246
173 1.154809
174 1.154358
175 1.154702
176 1.155627
177 1.156517
178 1.157075
179 1.157288
180 1.157087
181 1.157727
182 1.158071
183 1.158214
184 1.159353
185 1.159460
186 1.159424
187 1.158605
188 1.160516
189 1.161643
190 1.161678
191 1.163672
192 1.163328
193 1.163138
194 1.161655
195 1.161121
196 1.162011
197 1.162307
198 1.164645
199 1.165285
200 1.166329
201 1.167801
202 1.167421
203 1.168916
204 1.168062
205 1.167563
206 1.168097
207 1.169497
208 1.169699
209 1.172333
210 1.172321
211 1.173009
212 1.172677
213 1.172535
214 1.172120
215 1.171633
216 1.173021
217 1.173128
218 1.172393
219 1.173033
220 1.173579
221 1.173603
222 1.174611
223 1.175679
224 1.176367
225 1.176189
226 1.177471
227 1.178634
228 1.180117
229 1.181125
230 1.181754
231 1.182691
232 1.183202
233 1.182763
234 1.182976
235 1.182834
236 1.182418
237 1.182442
238 1.182525
239 1.181695
240 1.181742
241 1.181493
242 1.181161
243 1.179666
244 1.181434
245 1.180140
246 1.180401
247 1.180366
248 1.180947
249 1.181801
250 1.181374
251 1.181837
252 1.182312
253 1.182691
254 1.181208
255 1.181825
256 1.181825
257 1.181149
258 1.181932
259 1.182122
260 1.183213
261 1.183047
262 1.182347
263 1.181410
264 1.181279
265 1.182169
266 1.181137
267 1.181920
268 1.184068
269 1.184827
270 1.185800
271 1.186049
272 1.186275
273 1.185907
274 1.186073
275 1.185954
276 1.187153
277 1.187722
278 1.187188
279 1.187449
280 1.186286
281 1.186892
282 1.187509
283 1.187307
284 1.186749
285 1.186975
286 1.186998
287 1.185942
288 1.188066
289 1.187342
290 1.188244
291 1.188209
292 1.189241
293 1.189454
294 1.190688
295 1.190771
296 1.190273
297 1.189253
298 1.189454
299 1.188102
300 1.187022
301 1.187236
302 1.188980
303 1.189668
304 1.188588
305 1.188126
306 1.186417
307 1.185313
308 1.186073
309 1.186571
310 1.186512
311 1.187010
312 1.188292
313 1.189170
314 1.187746
315 1.187675
316 1.188315
317 1.188280
318 1.189407
319 1.190558
320 1.189502
321 1.189276
322 1.188683
323 1.188612
324 1.188303
325 1.188470
326 1.188066
327 1.188387
328 1.187378
329 1.186690
330 1.187319
331 1.186749
332 1.186512
333 1.187841
334 1.189241
335 1.191009
336 1.191234
337 1.191638
338 1.192290
339 1.193109
340 1.192955
341 1.192895
342 1.192207
343 1.193738
344 1.194295
345 1.194272
346 1.194616
347 1.194995
348 1.196051
349 1.194746
350 1.195114
351 1.195351
352 1.195755
353 1.194426
354 1.194011
355 1.194307
356 1.195565
357 1.194734
358 1.194699
359 1.195043
360 1.195778
361 1.195221
362 1.194960
363 1.193785
364 1.193856
365 1.192836
366 1.192492
367 1.191899
368 1.191139
369 1.193572
370 1.192622
371 1.193572
372 1.195150
373 1.194734
374 1.195292
375 1.194722
376 1.193607
377 1.194177
378 1.192682
379 1.192468
380 1.193144
381 1.192551
382 1.192848
383 1.194331
384 1.195980
385 1.194260
386 1.194153
387 1.194402
388 1.194972
389 1.195577
390 1.195351
391 1.194082
392 1.195565
393 1.195506
394 1.196609
395 1.196265
396 1.196823
397 1.198282
398 1.198341
399 1.197356
400 1.196562
401 1.196039
402 1.195612
403 1.197380
404 1.196799
405 1.196395
406 1.193619
407 1.194604
408 1.194663
409 1.194829
410 1.195838
411 1.196502
412 1.196324
413 1.195565
414 1.193477
415 1.191721
416 1.192670
417 1.192872
418 1.193465
419 1.192575
420 1.194046
421 1.194331
422 1.195126
423 1.196016
424 1.195150
425 1.194177
426 1.193405
427 1.193465
428 1.193121
429 1.192812
430 1.193394
431 1.192575
432 1.192409
433 1.192195
434 1.194283
435 1.196360
436 1.196775
437 1.195161
438 1.194853
439 1.195624
440 1.196467
441 1.195719
442 1.196846
443 1.197119
444 1.197368
445 1.196206
446 1.197487
447 1.196206
448 1.195624
449 1.194651
450 1.194556
451 1.195161
452 1.195909
453 1.196134
454 1.196253
455 1.196728
456 1.197416
457 1.196419
458 1.196609
459 1.195304
460 1.194817
461 1.193239
462 1.193156
463 1.195446
464 1.194165
465 1.194817
466 1.195292
467 1.195517
468 1.194438
469 1.193833
470 1.193049
471 1.192741
472 1.193477
473 1.193441
474 1.194402
475 1.193868
476 1.193038
477 1.194058
478 1.193856
479 1.194129
480 1.194450
481 1.195790
482 1.195909
483 1.196039
484 1.197807
485 1.198970
486 1.197890
487 1.197594
488 1.197475
489 1.197060
490 1.196455
491 1.197689
492 1.197641
493 1.196870
494 1.196562
495 1.196384
496 1.196538
497 1.197072
498 1.197962
499 1.197534
500 1.197772
501 1.198270
502 1.198875
503 1.199160
504 1.198709
505 1.198412
506 1.199077
507 1.200358
508 1.200940
509 1.200691
510 1.200453
511 1.200762
512 1.200596
513 1.199528
514 1.200145
515 1.198994
516 1.199196
517 1.201640
518 1.201296
519 1.202008
520 1.201379
521 1.199575
522 1.200157
523 1.198555
524 1.197499
525 1.196846
526 1.196170
527 1.195980
528 1.195268
529 1.195209
530 1.195328
531 1.195126
532 1.195292
533 1.195126
534 1.194734
535 1.195375
536 1.194948
537 1.194189
538 1.194082
539 1.193204
540 1.193773
541 1.192599
542 1.192955
543 1.192978
544 1.193477
545 1.192551
546 1.193002
547 1.192373
548 1.192041
549 1.193358
550 1.193583
551 1.194556
552 1.194960
553 1.195826
554 1.195517
555 1.195494
556 1.196834
557 1.197914
558 1.198282
559 1.199006
560 1.199813
561 1.199552
562 1.199587
563 1.199789
564 1.200394
565 1.199919
566 1.199112
567 1.199374
568 1.199979
569 1.200085
570 1.199575
571 1.200453
572 1.199184
573 1.199706
574 1.199872
575 1.200287
576 1.200358
577 1.198057
578 1.197831
579 1.197855
580 1.198128
581 1.197748
582 1.197677
583 1.196478
584 1.196502
585 1.196870
586 1.195173
587 1.194117
588 1.193097
589 1.192385
590 1.192622
591 1.193560
592 1.195446
593 1.196004
594 1.195826
595 1.193488
596 1.194189
597 1.195055
598 1.195446
599 1.197001
600 1.195719
601 1.194817
602 1.194711
603 1.194960
604 1.193738
605 1.194141
606 1.194189
607 1.193311
608 1.192373
609 1.191756
610 1.192433
611 1.191958
612 1.192433
613 1.191816
614 1.191910
615 1.191863
616 1.192373
617 1.193417
618 1.193583
619 1.193465
620 1.193085
621 1.193666
622 1.193595
623 1.195292
624 1.194853
625 1.194865
626 1.195351
627 1.196478
628 1.195648
629 1.196004
630 1.196846
631 1.197748
632 1.196728
633 1.197807
634 1.196502
635 1.196870
636 1.197226
637 1.197736
638 1.198757
639 1.198602
640 1.199231
641 1.198507
642 1.197843
643 1.196336
644 1.195719
645 1.195529
646 1.195838
647 1.195529
648 1.195565
649 1.196063
650 1.196621
651 1.195589
652 1.196407
653 1.195399
654 1.194770
655 1.193975
656 1.194580
657 1.193488
658 1.192468
659 1.193572
660 1.193643
661 1.194260
662 1.193702
663 1.191780
664 1.191875
665 1.192266
666 1.192788
667 1.190973
668 1.192385
669 1.191483
670 1.190795
671 1.190736
672 1.191246
673 1.191044
674 1.191507
675 1.192266
676 1.191827
677 1.192171
678 1.192338
679 1.192373
680 1.191187
681 1.191305
682 1.190854
683 1.190688
684 1.191531
685 1.191970
686 1.192800
687 1.193868
688 1.194426
689 1.194105
690 1.194177
691 1.193548
692 1.194070
693 1.194461
694 1.194046
695 1.193666
696 1.194663
697 1.194509
698 1.195565
699 1.194995
700 1.194521
701 1.195114
702 1.195814
703 1.196656
704 1.195897
705 1.197012
706 1.197973
707 1.198626
708 1.199231
709 1.198875
710 1.198033
711 1.198365
712 1.200714
713 1.201236
714 1.199279
715 1.198923
716 1.199018
717 1.200050
718 1.198840
719 1.199623
720 1.200014
721 1.199789
722 1.199765
723 1.200916
724 1.201735
725 1.201462
726 1.201058
727 1.200240
728 1.199575
729 1.198946
730 1.196823
731 1.197784
732 1.197451
733 1.196775
734 1.196633
735 1.197001
736 1.196467
737 1.196229
738 1.196538
739 1.196585
740 1.195055
741 1.193263
742 1.194046
743 1.193821
744 1.193619
745 1.195826
746 1.195304
747 1.195802
748 1.195399
749 1.194343
750 1.194485
751 1.193844
752 1.194877
753 1.193892
754 1.194094
755 1.195577
756 1.194746
757 1.194580
758 1.194058
759 1.193963
760 1.195316
761 1.193583
762 1.193916
763 1.194094
764 1.193939
765 1.194556
766 1.194153
767 1.193583
768 1.193109
769 1.192029
770 1.192705
771 1.194936
772 1.195090
773 1.195743
774 1.196194
775 1.196407
776 1.196562
777 1.196751
778 1.197107
779 1.196668
780 1.195600
781 1.195695
782 1.195173
783 1.193536
784 1.193275
785 1.192682
786 1.192729
787 1.193429
788 1.193927
789 1.194105
790 1.193773
791 1.194390
792 1.195375
793 1.195422
794 1.196028
795 1.196265
796 1.196787
797 1.196538
798 1.196229
799 1.195909
800 1.196419
801 1.196289
802 1.196384
803 1.195933
804 1.195838
805 1.196989
806 1.195873
807 1.194983
808 1.195031
809 1.195470
810 1.195790
811 1.195648
812 1.196478
813 1.196597
814 1.196028
815 1.195743
816 1.196146
817 1.196407
818 1.196158
819 1.196348
820 1.197546
821 1.197428
822 1.197048
823 1.195945
824 1.196360
825 1.195304
826 1.196455
827 1.196680
828 1.197926
829 1.199611
830 1.201165
831 1.201972
832 1.201853
833 1.201521
834 1.199433
835 1.201319
836 1.201118
837 1.200501
838 1.198982
839 1.199267
840 1.197997
841 1.197440
842 1.195695
843 1.196170
844 1.196573
845 1.196811
846 1.196134
847 1.195292
848 1.197701
849 1.196478
850 1.195197
851 1.196443
852 1.196063
853 1.195909
854 1.195897
855 1.196514
856 1.196277
857 1.195150
858 1.197250
859 1.198626
860 1.198496
861 1.197665
862 1.197155
863 1.197297
864 1.196692
865 1.196407
866 1.196597
867 1.195351
868 1.194687
869 1.194995
870 1.195506
871 1.194722
872 1.192848
873 1.193061
874 1.193026
875 1.192658
876 1.193666
877 1.193441
878 1.192717
879 1.191982
880 1.192860
881 1.193299
882 1.192872
883 1.193488
884 1.192124
885 1.191543
886 1.192433
887 1.192302
888 1.191531
889 1.190771
890 1.190202
891 1.189253
892 1.190676
893 1.190819
894 1.190593
895 1.191507
896 1.190107
897 1.190570
898 1.189763
899 1.189632
900 1.188636
901 1.188481
902 1.189454
903 1.189110
904 1.188576
905 1.189181
906 1.189359
907 1.191068
908 1.191958
909 1.192041
910 1.192349
911 1.191377
912 1.193856
913 1.192848
914 1.192065
915 1.192326
916 1.191222
917 1.190273
918 1.189063
919 1.189870
920 1.189359
921 1.191365
922 1.190451
923 1.190214
924 1.191543
925 1.190665
926 1.191305
927 1.191412
928 1.192053
929 1.193631
930 1.193607
931 1.194105
932 1.193512
933 1.193690
934 1.194058
935 1.194177
936 1.194212
937 1.193465
938 1.194082
939 1.195387
940 1.195375
941 1.195316
942 1.195126
943 1.194865
944 1.194248
945 1.193702
946 1.191412
947 1.193168
948 1.192539
949 1.192634
950 1.193453
951 1.194117
952 1.194699
953 1.195019
954 1.194806
955 1.193061
956 1.192302
957 1.192694
958 1.193821
959 1.193821
960 1.192741
961 1.193227
962 1.191554
963 1.193049
964 1.191768
965 1.191744
966 1.191127
967 1.190131
968 1.190534
969 1.190202
970 1.188683
971 1.188897
972 1.190321
973 1.189668
974 1.190060
975 1.189004
976 1.189253
977 1.189763
978 1.189656
979 1.187485
980 1.189075
981 1.188303
982 1.188897
983 1.188434
984 1.188054
985 1.188648
986 1.189431
987 1.190522
988 1.190237
989 1.189704
990 1.190510
991 1.191887
992 1.190890
993 1.191258
994 1.190273
995 1.189632
996 1.190285
997 1.191400
998 1.192551
999 1.192171
1000 1.192231
