1 1.164016
2 1.150852
3 1.142279
4 1.135439
5 1.131013
6 1.125876
7 1.120246
8 1.115441
9 1.109627
10 1.104614
11 1.099690
12 1.093947
13 1.090043
14 1.084835
15 1.079608
16 1.075165
17 1.072003
18 1.068520
19 1.064528
20 1.060879
21 1.057195
22 1.053565
23 1.050438
24 1.048024
25 1.044488
26 1.041670
27 1.038365
28 1.036070
29 1.034082
30 1.034189
31 1.031555
32 1.030523
33 1.029016
34 1.027568
35 1.026673
36 1.026133
37 1.025545
38 1.024406
39 1.022787
40 1.021784
41 1.021885
42 1.021855
43 1.022354
44 1.021612
45 1.021345
46 1.021185
47 1.020859
48 1.021695
49 1.021321
50 1.020817
51 1.021072
52 1.022502
53 1.023688
54 1.023997
55 1.025415
56 1.026969
57 1.028494
58 1.028962
59 1.030309
60 1.030190
61 1.030185
62 1.030784
63 1.031804
64 1.033198
65 1.034747
66 1.035886
67 1.036693
68 1.037784
69 1.039012
70 1.040288
71 1.042317
72 1.043289
73 1.043651
74 1.045378
75 1.046297
76 1.048142
77 1.049863
78 1.050444
79 1.051767
80 1.053013
81 1.055077
82 1.056620
83 1.057011
84 1.058815
85 1.061253
86 1.063229
87 1.064326
88 1.066794
89 1.067838
90 1.070478
91 1.071356
92 1.072311
93 1.073628
94 1.075117
95 1.076013
96 1.077941
97 1.078001
98 1.079318
99 1.079715
100 1.081263
101 1.082343
102 1.083447
103 1.085742
104 1.087137
105 1.088637
106 1.090868
107 1.091562
108 1.093870
109 1.094404
110 1.095555
111 1.096261
112 1.096664
113 1.097643
114 1.098681
115 1.099435
116 1.100722
117 1.101903
118 1.102982
119 1.103178
120 1.104323
121 1.105290
122 1.105765
123 1.106061
124 1.106346
125 1.108606
126 1.109081
127 1.109710
128 1.110961
129 1.111756
130 1.112593
131 1.113465
132 1.114011
133 1.114705
134 1.115986
135 1.117641
136 1.119012
137 1.119018
138 1.118680
139 1.120258
140 1.121326
141 1.120815
142 1.120715
143 1.121070
144 1.122939
145 1.122269
146 1.123449
147 1.124511
148 1.125354
149 1.126232
150 1.125953
151 1.126054
152 1.126641
153 1.127780
154 1.128967
155 1.129702
156 1.131251
157 1.132805
158 1.134721
159 1.136032
160 1.136376
161 1.136732
162 1.137836
163 1.138993
164 1.139165
165 1.139758
166 1.140250
167 1.140410
168 1.142439
169 1.141769
170 1.141810
171 1.142635
172 1.142386
173 1.143092
174 1.143329
175 1.143246
176 1.143294
177 1.142849
178 1.143068
179 1.143650
180 1.143507
181 1.145886
182 1.147393
183 1.147144
184 1.146384
185 1.147168
186 1.148526
187 1.149469
188 1.150377
189 1.150199
190 1.149962
191 1.150063
192 1.151759
193 1.150917
194 1.150181
195 1.151148
196 1.151208
197 1.151842
198 1.151937
199 1.152703
200 1.153035
201 1.153569
202 1.154417
203 1.154559
204 1.154085
205 1.154500
206 1.155716
207 1.157164
208 1.157615
209 1.157348
210 1.158048
211 1.159110
212 1.159335
213 1.159056
214 1.159288
215 1.159792
216 1.160682
217 1.160261
218 1.160883
219 1.161619
220 1.162058
221 1.162473
222 1.162254
223 1.162990
224 1.161999
225 1.162284
226 1.162586
227 1.163268
228 1.164140
229 1.165202
230 1.165724
231 1.165629
232 1.165143
233 1.164461
234 1.165428
235 1.165208
236 1.165327
237 1.165671
238 1.164906
239 1.165072
240 1.165606
241 1.165938
242 1.165552
243 1.166359
244 1.166181
245 1.166602
246 1.167071
247 1.166774
248 1.167208
249 1.168406
250 1.167765
251 1.167498
252 1.166994
253 1.167575
254 1.167771
255 1.168050
256 1.169070
257 1.169308
258 1.168981
259 1.169082
260 1.168768
261 1.168637
262 1.168756
263 1.168655
264 1.169100
265 1.169883
266 1.169972
267 1.169492
268 1.168809
269 1.169942
270 1.171348
271 1.171218
272 1.170868
273 1.171010
274 1.171230
275 1.171200
276 1.172060
277 1.171859
278 1.171894
279 1.170921
280 1.170773
281 1.171342
282 1.171526
283 1.172476
284 1.172452
285 1.172683
286 1.173354
287 1.173199
288 1.173781
289 1.173342
290 1.172968
291 1.172167
292 1.172998
293 1.173158
294 1.173579
295 1.173134
296 1.173223
297 1.173342
298 1.173259
299 1.172689
300 1.173021
301 1.174386
302 1.174635
303 1.174475
304 1.173982
305 1.174421
306 1.174202
307 1.173911
308 1.173585
309 1.174024
310 1.173300
311 1.172612
312 1.173431
313 1.172505
314 1.172250
315 1.172031
316 1.173389
317 1.172950
318 1.173051
319 1.173662
320 1.174463
321 1.173626
322 1.173057
323 1.172434
324 1.173413
325 1.173182
326 1.173621
327 1.173621
328 1.173621
329 1.173621
330 1.173621
331 1.173621
332 1.173621
333 1.173621
334 1.173621
335 1.173621
