1 1.162248
2 1.149600
3 1.140120
4 1.132597
5 1.127104
6 1.122251
7 1.118276
8 1.114029
9 1.109437
10 1.104833
11 1.101594
12 1.096290
13 1.091746
14 1.088317
15 1.084105
16 1.081079
17 1.077223
18 1.074435
19 1.070567
20 1.066640
21 1.062333
22 1.059378
23 1.057966
24 1.056519
25 1.053137
26 1.051488
27 1.049839
28 1.048439
29 1.046956
30 1.045378
31 1.042506
32 1.043111
33 1.040988
34 1.039410
35 1.038757
36 1.037630
37 1.037037
38 1.036289
39 1.035470
40 1.034035
41 1.033833
42 1.034948
43 1.035482
44 1.035150
45 1.034794
46 1.035103
47 1.035648
48 1.035755
49 1.035459
50 1.035423
51 1.035316
52 1.035316
53 1.035862
54 1.035672
55 1.036799
56 1.038460
57 1.039860
58 1.039730
59 1.040145
60 1.042150
61 1.042791
62 1.044678
63 1.044179
64 1.044108
65 1.046742
66 1.048795
67 1.051156
68 1.051915
69 1.052248
70 1.053398
71 1.054656
72 1.054917
73 1.054882
74 1.056768
75 1.059058
76 1.060458
77 1.062677
78 1.064089
79 1.064694
80 1.065679
81 1.067114
82 1.069357
83 1.071433
84 1.073415
85 1.075159
86 1.075906
87 1.078956
88 1.080154
89 1.081163
90 1.083998
91 1.085280
92 1.086585
93 1.089053
94 1.088792
95 1.090690
96 1.092778
97 1.093490
98 1.094795
99 1.096077
100 1.097109
101 1.098284
102 1.098913
103 1.099292
104 1.100479
105 1.101214
106 1.101535
107 1.102686
108 1.103979
109 1.104726
110 1.105960
111 1.106316
112 1.105486
113 1.106827
114 1.107337
115 1.107894
116 1.108120
117 1.110576
118 1.112783
119 1.113779
120 1.114681
121 1.115108
122 1.115274
123 1.115595
124 1.115808
125 1.117624
126 1.118905
127 1.120685
128 1.122156
129 1.125265
130 1.125858
131 1.127068
132 1.127507
133 1.128895
134 1.131304
135 1.130604
136 1.131897
137 1.132989
138 1.135338
139 1.135018
140 1.134840
141 1.135184
142 1.135231
143 1.137581
144 1.139491
145 1.140250
146 1.141733
147 1.144000
148 1.145245
149 1.146527
150 1.146017
151 1.145388
152 1.148674
153 1.149517
154 1.150786
155 1.150941
156 1.152198
157 1.154429
158 1.155651
159 1.155615
160 1.155948
161 1.156315
162 1.156102
163 1.156007
164 1.155853
165 1.157158
166 1.158712
167 1.160456
168 1.161477
169 1.162046
170 1.162628
171 1.162082
172 1.161726
173 1.162224
174 1.163304
175 1.163992
176 1.162723
177 1.162390
178 1.163553
179 1.164419
180 1.165546
181 1.165155
182 1.165440
183 1.167255
184 1.168275
185 1.168892
186 1.169604
187 1.169652
188 1.169960
189 1.169509
190 1.169177
191 1.170613
192 1.170008
193 1.170126
194 1.170648
195 1.171348
196 1.171408
197 1.170423
198 1.169675
199 1.170114
200 1.171099
201 1.170755
202 1.172262
203 1.171242
204 1.171728
205 1.170399
206 1.172167
207 1.170791
208 1.170542
209 1.170162
210 1.170648
211 1.171526
212 1.172381
213 1.171882
214 1.171942
215 1.172665
216 1.172784
217 1.173591
218 1.174077
219 1.175086
220 1.174327
221 1.175774
222 1.175311
223 1.176427
224 1.177281
225 1.176842
226 1.176213
227 1.176427
228 1.175845
229 1.176545
230 1.177755
231 1.178159
232 1.180473
233 1.181149
234 1.179547
235 1.178883
236 1.177969
237 1.178076
238 1.179808
239 1.179856
240 1.179547
241 1.179488
242 1.180627
243 1.180010
244 1.179725
245 1.179856
246 1.179108
247 1.179962
248 1.181932
249 1.183130
250 1.183807
251 1.184625
252 1.183237
253 1.184993
254 1.184839
255 1.185836
256 1.185230
257 1.184412
258 1.184364
259 1.184768
260 1.183735
261 1.182964
262 1.184068
263 1.183415
264 1.182537
265 1.181529
266 1.182774
267 1.183605
268 1.184198
269 1.184068
270 1.183510
271 1.182146
272 1.184008
273 1.185717
274 1.185610
275 1.186583
276 1.186464
277 1.186144
278 1.184922
279 1.186108
280 1.185124
281 1.186180
282 1.188042
283 1.187153
284 1.186156
285 1.185397
286 1.186346
287 1.185444
288 1.185444
289 1.185112
290 1.184910
291 1.185408
292 1.183783
293 1.184993
294 1.185598
295 1.185503
296 1.185290
297 1.185029
298 1.185385
299 1.185847
300 1.185313
301 1.186358
302 1.186903
303 1.186761
304 1.187520
305 1.186405
306 1.186975
307 1.187176
308 1.187331
309 1.186666
310 1.188363
311 1.187639
312 1.187117
313 1.186761
314 1.187295
315 1.187022
316 1.188197
317 1.187948
318 1.187746
319 1.189609
320 1.188197
321 1.188861
322 1.187710
323 1.189098
324 1.188090
325 1.187497
326 1.187936
327 1.189015
328 1.189787
329 1.190012
330 1.190807
331 1.189739
332 1.189312
333 1.188493
334 1.189087
335 1.188387
336 1.187176
337 1.186702
338 1.186369
339 1.186144
340 1.185598
341 1.187402
342 1.187580
343 1.187236
344 1.187390
345 1.187034
346 1.185610
347 1.186002
348 1.185729
349 1.185776
350 1.185480
351 1.185112
352 1.185575
353 1.186298
354 1.186061
355 1.185041
356 1.183949
357 1.183249
358 1.183154
359 1.183593
360 1.184495
361 1.183593
362 1.184068
363 1.183747
364 1.184174
365 1.185776
366 1.185278
367 1.185159
368 1.186192
369 1.185729
370 1.187153
371 1.187959
372 1.187615
373 1.188303
374 1.187592
375 1.186986
376 1.187983
377 1.189265
378 1.190059
379 1.190332
380 1.190285
381 1.190131
382 1.189834
383 1.190843
384 1.191436
385 1.190748
386 1.190380
387 1.190451
388 1.191554
389 1.193085
390 1.190949
391 1.190997
392 1.191899
393 1.193204
394 1.193880
395 1.195245
396 1.194165
397 1.191839
398 1.191638
399 1.191056
400 1.189917
401 1.190617
402 1.190202
403 1.189241
404 1.190926
405 1.190593
406 1.190795
407 1.191483
408 1.191104
409 1.191483
410 1.190356
411 1.190178
412 1.190214
413 1.189763
414 1.190570
415 1.190712
416 1.189561
417 1.189075
418 1.189253
419 1.190617
420 1.189929
421 1.190415
422 1.189039
423 1.188209
424 1.187639
425 1.187485
426 1.186939
427 1.187295
428 1.189087
429 1.189704
430 1.190107
431 1.190427
432 1.190036
433 1.190748
434 1.191068
435 1.192255
436 1.192539
437 1.191982
438 1.193311
439 1.193809
440 1.194034
441 1.193809
442 1.194094
443 1.194628
444 1.194877
445 1.195553
446 1.195363
447 1.195565
448 1.195114
449 1.194331
450 1.194995
451 1.196621
452 1.197451
453 1.197001
454 1.196431
455 1.197095
456 1.196668
457 1.196063
458 1.195885
459 1.194853
460 1.194711
461 1.194046
462 1.194924
463 1.193204
464 1.192373
465 1.193216
466 1.192907
467 1.193655
468 1.192860
469 1.194094
470 1.194094
471 1.194794
472 1.194580
473 1.195197
474 1.194639
475 1.193643
476 1.194390
477 1.194639
478 1.194236
479 1.193987
480 1.194485
481 1.193726
482 1.192812
483 1.192705
484 1.192705
485 1.193239
486 1.193026
487 1.193405
488 1.193299
489 1.194177
490 1.194082
491 1.191661
492 1.191388
493 1.191388
494 1.191104
495 1.190843
496 1.190190
497 1.189466
498 1.189027
499 1.190202
500 1.190380
