1 1.138423
2 1.117944
3 1.107449
4 1.099856
5 1.095715
6 1.091034
7 1.086792
8 1.082325
9 1.077947
10 1.074150
11 1.070383
12 1.065785
13 1.061959
14 1.058619
15 1.055006
16 1.052111
17 1.049258
18 1.046155
19 1.042999
20 1.040139
21 1.037618
22 1.034788
23 1.033507
24 1.031543
25 1.029550
26 1.028173
27 1.027177
28 1.024893
29 1.024056
30 1.023386
31 1.021849
32 1.021007
33 1.019951
34 1.020076
35 1.020331
36 1.019838
37 1.019613
38 1.020823
39 1.020710
40 1.019933
41 1.019043
42 1.019298
43 1.020147
44 1.019470
45 1.019488
46 1.020313
47 1.020823
48 1.022051
49 1.021814
50 1.022674
51 1.023433
52 1.024715
53 1.025545
54 1.026423
55 1.026655
56 1.027960
57 1.028826
58 1.029490
59 1.030024
60 1.031276
61 1.032219
62 1.033264
63 1.032819
64 1.033833
65 1.035316
66 1.036491
67 1.038484
68 1.040472
69 1.041771
70 1.042886
71 1.044624
72 1.046855
73 1.048053
74 1.049560
75 1.050836
76 1.052194
77 1.053588
78 1.054710
79 1.057302
80 1.059372
81 1.060660
82 1.063039
83 1.064486
84 1.067298
85 1.067975
86 1.069814
87 1.071943
88 1.073658
89 1.075189
90 1.076879
91 1.078291
92 1.080255
93 1.082052
94 1.084028
95 1.086413
96 1.086917
97 1.088869
98 1.091194
99 1.092482
100 1.094588
101 1.096575
102 1.099221
103 1.100247
104 1.101576
105 1.103386
106 1.105468
107 1.106643
108 1.106844
109 1.107657
110 1.108357
111 1.108992
112 1.109437
113 1.110665
114 1.112273
115 1.113358
116 1.114468
117 1.115624
118 1.117232
119 1.118413
120 1.119920
121 1.121326
122 1.121664
123 1.123218
124 1.124482
125 1.125496
126 1.125816
127 1.126558
128 1.129062
129 1.130657
130 1.131399
131 1.132182
132 1.134134
133 1.134816
134 1.136133
135 1.137587
136 1.137326
137 1.138601
138 1.139426
139 1.139117
140 1.139787
141 1.140838
142 1.141656
143 1.142777
144 1.144059
145 1.144397
146 1.145584
147 1.146990
148 1.146640
149 1.146236
150 1.148419
151 1.148336
152 1.149149
153 1.149873
154 1.149766
155 1.150863
156 1.151421
157 1.152216
158 1.151967
159 1.152281
160 1.152234
161 1.153729
162 1.155242
163 1.154239
164 1.154387
165 1.155093
166 1.154868
167 1.155426
168 1.156096
169 1.157478
170 1.157650
171 1.158018
172 1.158855
173 1.158706
174 1.158629
175 1.158985
176 1.159513
177 1.159988
178 1.160753
179 1.161222
180 1.161299
181 1.162616
182 1.162622
183 1.163156
184 1.163464
185 1.162835
186 1.162331
187 1.163025
188 1.162990
189 1.163464
190 1.165030
191 1.165908
192 1.165914
193 1.165778
194 1.166863
195 1.166086
196 1.166804
197 1.165879
198 1.166341
199 1.167136
200 1.167611
201 1.167059
202 1.167421
203 1.168068
204 1.166573
205 1.167385
206 1.167540
207 1.167937
208 1.167997
209 1.168786
210 1.169136
211 1.168809
212 1.168418
213 1.168299
214 1.168922
215 1.169142
216 1.169764
217 1.169563
218 1.170126
219 1.170814
220 1.170500
221 1.171230
222 1.171390
223 1.171876
224 1.172286
225 1.172434
226 1.173288
227 1.173555
228 1.174048
229 1.173870
230 1.174516
231 1.175252
232 1.175958
233 1.175092
234 1.174855
235 1.175222
236 1.174943
237 1.175466
238 1.174967
239 1.176183
240 1.176771
241 1.176480
242 1.176611
243 1.176278
244 1.176444
245 1.175626
246 1.175169
247 1.175928
248 1.175952
249 1.175531
250 1.176023
251 1.176931
252 1.177542
253 1.176539
254 1.176403
255 1.176634
256 1.176462
257 1.177489
258 1.177346
259 1.176166
260 1.175697
261 1.176818
262 1.177856
263 1.177898
264 1.177732
265 1.177797
266 1.178604
267 1.178883
268 1.179784
269 1.179862
270 1.179749
271 1.180034
272 1.180188
273 1.180348
274 1.180479
275 1.180805
276 1.180366
277 1.179595
278 1.179096
279 1.179939
280 1.180603
281 1.181665
282 1.181030
283 1.181149
284 1.181885
285 1.181262
286 1.181523
287 1.181629
288 1.182033
289 1.182656
290 1.183160
291 1.183682
292 1.183753
293 1.184394
294 1.184833
295 1.184940
296 1.184969
297 1.183534
298 1.182822
299 1.182353
300 1.182472
301 1.182798
302 1.183380
303 1.184323
304 1.183771
305 1.184637
306 1.184892
307 1.184590
308 1.183652
309 1.183925
310 1.182223
311 1.182478
312 1.182246
313 1.182324
314 1.182863
315 1.181689
316 1.182223
317 1.182857
318 1.183801
319 1.182751
320 1.182525
321 1.181974
322 1.181944
323 1.181885
324 1.182448
325 1.183184
326 1.183326
327 1.183249
328 1.183783
329 1.185041
330 1.184483
331 1.183445
332 1.183457
333 1.184608
334 1.184157
335 1.183724
336 1.184370
337 1.184204
338 1.184103
339 1.184827
340 1.184851
341 1.185325
342 1.184916
343 1.184524
344 1.185907
345 1.185183
346 1.184625
347 1.183658
348 1.183249
349 1.183522
350 1.183842
351 1.185936
352 1.185853
353 1.185509
354 1.186779
355 1.186559
356 1.186761
357 1.187224
358 1.187206
359 1.187212
360 1.187520
361 1.186423
362 1.187698
363 1.188689
364 1.188808
365 1.188576
366 1.190065
367 1.190077
368 1.190552
369 1.190095
370 1.189217
371 1.189597
372 1.189176
373 1.189591
374 1.189781
375 1.189787
376 1.190160
377 1.189816
378 1.190344
379 1.190166
380 1.189324
381 1.189211
382 1.190065
383 1.189816
384 1.190243
385 1.190564
386 1.190036
387 1.190083
388 1.190083
389 1.190421
390 1.190843
391 1.190688
392 1.190837
393 1.190576
394 1.190184
395 1.191009
396 1.190599
397 1.191092
398 1.190368
399 1.189520
400 1.189443
401 1.190071
402 1.190214
403 1.189300
404 1.187888
405 1.188096
406 1.188387
407 1.187948
408 1.187621
409 1.188879
410 1.189745
411 1.190362
412 1.191104
413 1.190054
414 1.189270
415 1.188778
416 1.189419
417 1.188576
418 1.188114
419 1.188143
420 1.188416
421 1.188980
422 1.188814
423 1.189181
424 1.189882
425 1.190166
426 1.191649
427 1.191756
428 1.191181
429 1.190789
430 1.191863
431 1.192171
432 1.192136
433 1.192338
434 1.192266
435 1.190831
436 1.190148
437 1.190493
438 1.189846
439 1.190878
440 1.190629
441 1.189976
442 1.189745
443 1.189407
444 1.189887
445 1.189959
446 1.190380
447 1.189709
448 1.190374
449 1.190433
450 1.189620
451 1.189318
452 1.188986
453 1.189965
454 1.190653
455 1.190718
456 1.189526
457 1.189223
458 1.187621
459 1.187443
460 1.186625
461 1.185652
462 1.184756
463 1.185474
464 1.185598
465 1.185147
466 1.185064
467 1.186512
468 1.186625
469 1.185936
470 1.186381
471 1.187378
472 1.188707
473 1.190463
474 1.190534
475 1.190522
476 1.190309
477 1.190635
478 1.190979
479 1.190748
480 1.191816
481 1.191768
482 1.191270
483 1.191821
484 1.191982
485 1.192670
486 1.192925
487 1.192616
488 1.192877
489 1.194177
490 1.194473
491 1.195156
492 1.195250
493 1.195589
494 1.194396
495 1.194070
496 1.193417
497 1.192676
498 1.192972
499 1.193352
500 1.193222
501 1.192688
502 1.193162
503 1.191798
504 1.192260
505 1.191638
506 1.192237
507 1.191365
508 1.192225
509 1.192415
510 1.192717
511 1.193732
512 1.193708
513 1.194272
514 1.194432
515 1.194307
516 1.194467
517 1.194396
518 1.194628
519 1.193839
520 1.193874
521 1.191910
522 1.192705
523 1.192243
524 1.193222
525 1.193370
526 1.193738
527 1.193839
528 1.193447
529 1.192996
530 1.194455
531 1.194877
532 1.194580
533 1.195559
534 1.196490
535 1.196455
536 1.195713
537 1.195322
538 1.194918
539 1.195132
540 1.194509
541 1.194260
542 1.193263
543 1.192290
544 1.192729
545 1.192806
546 1.193566
547 1.193394
548 1.193690
549 1.194711
550 1.194782
551 1.194135
552 1.194159
553 1.193014
554 1.193364
555 1.193916
556 1.193583
557 1.194491
558 1.193785
559 1.193293
560 1.192984
561 1.192314
562 1.192842
563 1.193287
564 1.192225
565 1.192480
566 1.193880
567 1.194847
568 1.194556
569 1.194248
570 1.194835
571 1.195316
572 1.195393
573 1.195043
574 1.194040
575 1.194123
576 1.193524
577 1.192895
578 1.193144
579 1.193898
580 1.193186
581 1.192723
582 1.192284
583 1.192569
584 1.192041
585 1.192872
586 1.192308
587 1.193334
588 1.193002
589 1.193198
590 1.192444
591 1.192593
592 1.192088
593 1.192005
594 1.192539
595 1.192225
596 1.192266
597 1.193222
598 1.193150
599 1.193631
600 1.192800
601 1.193892
602 1.193500
603 1.192486
604 1.192023
605 1.192213
606 1.192171
607 1.192326
608 1.191881
609 1.191999
610 1.191643
611 1.191270
612 1.191276
613 1.192071
614 1.191988
615 1.190961
616 1.191015
617 1.191228
618 1.190540
619 1.190190
620 1.190837
621 1.190552
622 1.190421
623 1.190143
624 1.191032
625 1.191833
626 1.192735
627 1.192338
628 1.191507
629 1.191999
630 1.190593
631 1.190706
632 1.190694
633 1.191062
634 1.191685
635 1.191388
636 1.192806
637 1.193672
638 1.194034
639 1.194100
640 1.194260
641 1.193435
642 1.193079
643 1.193708
644 1.193738
645 1.193827
646 1.193750
647 1.194420
648 1.194681
649 1.195173
650 1.195274
651 1.195245
652 1.195482
653 1.194972
654 1.193631
655 1.192836
656 1.193316
657 1.194521
658 1.195927
659 1.195399
660 1.194995
661 1.194936
662 1.194633
663 1.195150
664 1.194847
665 1.193880
666 1.195001
667 1.194788
668 1.195511
669 1.194859
670 1.194527
671 1.195203
672 1.196200
673 1.196057
674 1.197155
675 1.196069
676 1.196651
677 1.196716
678 1.196051
679 1.195778
680 1.195090
681 1.194319
682 1.193655
683 1.193916
684 1.194883
685 1.195464
686 1.195476
687 1.195203
688 1.195274
689 1.194740
690 1.193311
691 1.194183
692 1.193512
693 1.193144
694 1.194473
695 1.194936
696 1.194105
697 1.193524
698 1.194384
699 1.194129
700 1.194503
