1 1.138328
2 1.117695
3 1.106999
4 1.099286
5 1.095614
6 1.091028
7 1.086395
8 1.081691
9 1.077122
10 1.072916
11 1.068331
12 1.063359
13 1.059295
14 1.055843
15 1.051672
16 1.048273
17 1.045099
18 1.041225
19 1.037387
20 1.033875
21 1.031003
22 1.027912
23 1.026429
24 1.024092
25 1.022953
26 1.021565
27 1.019251
28 1.017216
29 1.015021
30 1.014624
31 1.012844
32 1.012369
33 1.011717
34 1.011260
35 1.011438
36 1.011230
37 1.009967
38 1.009824
39 1.009510
40 1.009255
41 1.009302
42 1.009278
43 1.010056
44 1.010815
45 1.011147
46 1.010827
47 1.009207
48 1.009735
49 1.009522
50 1.009545
51 1.010667
52 1.012340
53 1.012458
54 1.013330
55 1.013841
56 1.014790
57 1.015620
58 1.016480
59 1.017756
60 1.018177
61 1.020372
62 1.021078
63 1.021665
64 1.023647
65 1.024406
66 1.025397
67 1.027100
68 1.028494
69 1.029229
70 1.030238
71 1.032101
72 1.033133
73 1.033792
74 1.034610
75 1.036556
76 1.038923
77 1.040163
78 1.040584
79 1.042061
80 1.045235
81 1.046594
82 1.047579
83 1.049637
84 1.050842
85 1.052805
86 1.054549
87 1.057041
88 1.057652
89 1.059509
90 1.060577
91 1.062623
92 1.064196
93 1.066171
94 1.066349
95 1.067838
96 1.069992
97 1.071771
98 1.073266
99 1.074927
100 1.076078
101 1.076559
102 1.077206
103 1.079009
104 1.080415
105 1.081845
106 1.081898
107 1.082106
108 1.082658
109 1.084176
110 1.086187
111 1.088341
112 1.089023
113 1.090720
114 1.093122
115 1.094855
116 1.097471
117 1.097596
118 1.099120
119 1.100194
120 1.101386
121 1.102893
122 1.104311
123 1.106067
124 1.107556
125 1.108298
126 1.107995
127 1.109680
128 1.110736
129 1.112231
130 1.113524
131 1.113779
132 1.113940
133 1.113566
134 1.114723
135 1.115808
136 1.115755
137 1.115933
138 1.117736
139 1.117392
140 1.118075
141 1.118614
142 1.118614
143 1.119297
144 1.119481
145 1.120673
146 1.121260
147 1.122631
148 1.123829
149 1.124333
150 1.125419
151 1.126831
152 1.128000
153 1.128213
154 1.128682
155 1.129536
156 1.130301
157 1.130924
158 1.131156
159 1.131998
160 1.132301
161 1.132129
162 1.133173
163 1.134709
164 1.135931
165 1.135967
166 1.136881
167 1.137059
168 1.137177
169 1.137794
170 1.138488
171 1.139260
172 1.139574
173 1.140422
174 1.140784
175 1.140493
176 1.141947
177 1.143412
178 1.142659
179 1.142944
180 1.143027
181 1.143958
182 1.143650
183 1.144350
184 1.144640
185 1.144112
186 1.144545
187 1.144361
188 1.143851
189 1.144267
190 1.144124
191 1.144041
192 1.144385
193 1.145139
194 1.144984
195 1.146153
196 1.147310
197 1.147215
198 1.147767
199 1.148663
200 1.148763
201 1.149279
202 1.148817
203 1.148360
204 1.147666
205 1.148212
206 1.149653
207 1.150531
208 1.151000
209 1.152987
210 1.153563
211 1.154316
212 1.153812
213 1.154269
214 1.155141
215 1.155509
216 1.155515
217 1.156209
218 1.155431
219 1.156025
220 1.156458
221 1.156754
222 1.158576
223 1.158712
224 1.158872
225 1.158427
226 1.158433
227 1.159519
228 1.158766
229 1.159851
230 1.160474
231 1.161394
232 1.161340
233 1.160961
234 1.159650
235 1.160100
236 1.159317
237 1.160195
238 1.159181
239 1.161121
240 1.161376
241 1.161856
242 1.161815
243 1.162141
244 1.162355
245 1.161530
246 1.161085
247 1.160243
248 1.159833
249 1.159845
250 1.160089
251 1.159839
252 1.160711
253 1.160777
254 1.160646
255 1.161702
256 1.162272
257 1.162651
258 1.162462
259 1.163185
260 1.163951
261 1.165078
262 1.164965
263 1.165997
264 1.166110
265 1.166602
266 1.165363
267 1.165024
268 1.164289
269 1.163595
270 1.163310
271 1.165072
272 1.164829
273 1.165463
274 1.165208
275 1.164965
276 1.164645
277 1.164372
278 1.164609
279 1.164164
280 1.164686
281 1.165297
282 1.165499
283 1.165001
284 1.164734
285 1.165368
286 1.165802
287 1.166306
288 1.166235
289 1.166430
290 1.167605
291 1.168756
292 1.168317
293 1.167878
294 1.167747
295 1.167124
296 1.168169
297 1.168809
298 1.167896
299 1.167955
300 1.166941
301 1.166881
302 1.167593
303 1.166715
304 1.166223
305 1.166335
306 1.166294
307 1.166454
308 1.166602
309 1.166697
310 1.167433
311 1.166810
312 1.167101
313 1.167783
314 1.168780
315 1.168934
316 1.169343
317 1.169130
318 1.169486
319 1.169669
320 1.170186
321 1.169913
322 1.169658
323 1.170067
324 1.170512
325 1.170482
326 1.171301
327 1.171876
328 1.172404
329 1.172600
330 1.172926
331 1.171669
332 1.171058
333 1.171319
334 1.171811
335 1.173205
336 1.172790
337 1.172298
338 1.171954
339 1.172375
340 1.172665
341 1.172974
342 1.173146
343 1.173027
344 1.173621
345 1.173573
346 1.172381
347 1.171491
348 1.171918
349 1.170898
350 1.169782
351 1.169521
352 1.170945
353 1.171153
354 1.171366
355 1.172345
356 1.171811
357 1.170963
358 1.170470
359 1.170731
360 1.169646
361 1.170553
362 1.171669
363 1.172191
364 1.171307
365 1.171509
366 1.170470
367 1.169753
368 1.171135
369 1.170055
370 1.169533
371 1.171337
372 1.171520
373 1.171657
374 1.171141
375 1.171918
376 1.171366
377 1.171076
378 1.169859
379 1.170180
380 1.169901
381 1.170352
382 1.169741
383 1.171076
384 1.172054
385 1.172861
386 1.172541
387 1.172731
388 1.174018
389 1.173698
390 1.174783
391 1.174997
392 1.175116
393 1.175673
394 1.176741
395 1.176771
