1 1.138872
2 1.118088
3 1.106902
4 1.099819
5 1.094399
6 1.089977
7 1.085658
8 1.081356
9 1.077229
10 1.073330
11 1.069228
12 1.065422
13 1.061598
14 1.058391
15 1.054988
16 1.052046
17 1.049089
18 1.045818
19 1.043148
20 1.040353
21 1.037656
22 1.035480
23 1.033553
24 1.031818
25 1.029597
26 1.027887
27 1.026531
28 1.025008
29 1.024253
30 1.023342
31 1.022562
32 1.021333
33 1.020979
34 1.020861
35 1.020532
36 1.019836
37 1.019951
38 1.019702
39 1.019843
40 1.019953
41 1.019818
42 1.019664
43 1.020083
44 1.019966
45 1.020633
46 1.021151
47 1.021276
48 1.021766
49 1.023005
50 1.024343
51 1.025021
52 1.025860
53 1.026356
54 1.027507
55 1.028756
56 1.029750
57 1.030646
58 1.031961
59 1.032923
60 1.034004
61 1.035004
62 1.035756
63 1.037110
64 1.038274
65 1.039131
66 1.040339
67 1.041936
68 1.043091
69 1.044672
70 1.046644
71 1.048454
72 1.050050
73 1.051874
74 1.053394
75 1.054637
76 1.056168
77 1.057366
78 1.058791
79 1.059724
80 1.060943
81 1.062209
82 1.063395
83 1.065004
84 1.066343
85 1.068154
86 1.069376
87 1.071192
88 1.072216
89 1.073904
90 1.075447
91 1.077297
92 1.078645
93 1.080299
94 1.082181
95 1.083401
96 1.084291
97 1.085840
98 1.087020
99 1.088232
100 1.089989
101 1.091136
102 1.093153
103 1.094362
104 1.095391
105 1.096710
106 1.098120
107 1.099683
108 1.101316
109 1.102566
110 1.103585
111 1.104526
112 1.105613
113 1.107142
114 1.108327
115 1.109400
116 1.110585
117 1.111657
118 1.113157
119 1.113709
120 1.114147
121 1.115161
122 1.116002
123 1.117231
124 1.118627
125 1.119503
126 1.120304
127 1.121444
128 1.122404
129 1.123197
130 1.124299
131 1.125360
132 1.126455
133 1.127957
134 1.129098
135 1.129651
136 1.130328
137 1.131690
138 1.132211
139 1.133149
140 1.134191
141 1.134750
142 1.135530
143 1.136669
144 1.137012
145 1.138144
146 1.139556
147 1.140734
148 1.141197
149 1.141851
150 1.142667
151 1.143374
152 1.144094
153 1.144388
154 1.144886
155 1.145502
156 1.146394
157 1.147463
158 1.148439
159 1.149531
160 1.150543
161 1.150897
162 1.151213
163 1.152152
164 1.153119
165 1.153519
166 1.153689
167 1.154154
168 1.154386
169 1.155391
170 1.155586
171 1.156044
172 1.156153
173 1.156884
174 1.157252
175 1.157697
176 1.158700
177 1.159294
178 1.159477
179 1.159343
180 1.159871
181 1.160482
182 1.160452
183 1.160914
184 1.161476
185 1.161487
186 1.162429
187 1.162919
188 1.163107
189 1.163351
190 1.163992
191 1.164674
192 1.165064
193 1.165106
194 1.165243
195 1.165581
196 1.165925
197 1.166385
198 1.166729
199 1.166872
200 1.167559
201 1.167885
202 1.167728
203 1.167395
204 1.167668
205 1.167985
206 1.168315
207 1.168781
208 1.168857
209 1.169087
210 1.169477
211 1.169597
212 1.169741
213 1.170138
214 1.170246
215 1.170400
216 1.170622
217 1.170596
218 1.170629
219 1.171229
220 1.170533
221 1.170708
222 1.170721
223 1.170791
224 1.170978
225 1.171447
226 1.171734
227 1.171907
228 1.172332
229 1.172517
230 1.173319
231 1.173732
232 1.173641
233 1.173797
234 1.173785
235 1.174386
236 1.174304
237 1.174222
238 1.174626
239 1.174855
240 1.174907
241 1.174877
242 1.175271
243 1.175358
244 1.175423
245 1.175449
246 1.175444
247 1.175727
248 1.175915
249 1.175775
250 1.175550
251 1.175412
252 1.175736
253 1.175582
254 1.175979
255 1.176501
256 1.176847
257 1.176860
258 1.177171
259 1.177459
260 1.177732
261 1.178139
262 1.178254
263 1.178396
264 1.178662
265 1.178511
266 1.178836
267 1.179198
268 1.178969
269 1.179114
270 1.179782
271 1.179852
272 1.179869
273 1.180488
274 1.180804
275 1.180571
276 1.181053
277 1.181510
278 1.181750
279 1.181755
280 1.181644
281 1.181997
282 1.182239
283 1.182577
284 1.182239
285 1.182249
286 1.182379
287 1.182687
288 1.182707
289 1.182970
290 1.182904
291 1.183346
292 1.183896
293 1.183744
294 1.183218
295 1.183633
296 1.183916
297 1.183911
298 1.183903
299 1.183836
300 1.183358
301 1.183347
302 1.183221
303 1.183938
304 1.183913
305 1.183979
306 1.183902
307 1.183484
308 1.183887
309 1.183829
310 1.184036
311 1.183969
312 1.184025
313 1.183771
314 1.183849
315 1.184233
316 1.184019
317 1.184498
318 1.184456
319 1.184600
320 1.184943
321 1.185079
322 1.184961
323 1.185388
324 1.186119
325 1.186175
326 1.186341
327 1.186307
328 1.186670
329 1.186449
330 1.186602
331 1.186279
332 1.186390
333 1.186244
334 1.185906
335 1.186120
336 1.186304
337 1.186418
338 1.186647
339 1.186731
340 1.186778
341 1.186883
342 1.187110
343 1.186854
344 1.187004
345 1.187486
346 1.187560
347 1.187837
348 1.187587
349 1.187393
350 1.187011
351 1.186795
352 1.186271
353 1.186626
354 1.186042
355 1.186392
356 1.186598
357 1.186079
358 1.186009
359 1.185726
360 1.185671
361 1.186252
362 1.186326
363 1.186307
364 1.186448
365 1.186488
366 1.186155
367 1.185898
368 1.186767
369 1.186848
370 1.187225
371 1.187303
372 1.187266
373 1.187087
374 1.187017
375 1.187182
376 1.187467
377 1.187492
378 1.187153
379 1.187352
380 1.186994
381 1.186856
382 1.186857
383 1.186698
384 1.187008
385 1.186878
386 1.187083
387 1.187541
388 1.187802
389 1.187399
390 1.187713
391 1.187822
392 1.188283
393 1.188047
394 1.187567
395 1.187888
396 1.187719
397 1.187823
398 1.187809
399 1.188070
400 1.188595
401 1.188029
402 1.188354
403 1.188314
404 1.188390
405 1.188827
406 1.188850
407 1.189064
408 1.189135
409 1.189064
410 1.189521
411 1.189849
412 1.190060
413 1.190226
414 1.189838
415 1.190001
416 1.190018
417 1.189890
418 1.190325
419 1.190954
420 1.190928
421 1.190523
422 1.190184
423 1.190644
424 1.190253
425 1.190602
426 1.190489
427 1.190710
428 1.190832
429 1.191381
430 1.191348
431 1.191340
432 1.190699
433 1.190947
434 1.190699
435 1.190635
436 1.190612
437 1.190624
438 1.190417
439 1.190215
440 1.190227
441 1.190120
442 1.190139
443 1.189994
444 1.189702
445 1.189705
446 1.189809
447 1.189982
448 1.189503
449 1.189628
450 1.189704
451 1.190055
452 1.190676
453 1.190485
454 1.190137
455 1.189860
456 1.189956
457 1.190171
458 1.190347
459 1.190223
460 1.190229
461 1.189923
462 1.189704
463 1.189746
464 1.189812
465 1.189647
466 1.189902
467 1.189994
468 1.190319
469 1.190496
470 1.190941
471 1.190845
472 1.190642
473 1.190411
474 1.190157
475 1.190296
476 1.190160
477 1.190171
478 1.190494
479 1.190411
480 1.190453
481 1.190156
482 1.190074
483 1.190080
484 1.189825
485 1.189759
486 1.189339
487 1.189513
488 1.188710
489 1.188624
490 1.188830
491 1.189486
492 1.189812
493 1.189739
494 1.189757
495 1.189632
496 1.189560
497 1.190013
498 1.190122
499 1.189957
500 1.190741
501 1.190888
502 1.190736
503 1.191091
504 1.191307
505 1.191219
506 1.190962
507 1.191106
508 1.190472
509 1.190854
510 1.190822
511 1.190972
512 1.191212
513 1.191521
514 1.191744
515 1.192113
516 1.191756
517 1.191310
518 1.191279
519 1.191005
520 1.190820
521 1.190984
522 1.191035
523 1.190864
524 1.190710
525 1.191276
526 1.191148
527 1.191232
528 1.191837
529 1.191952
530 1.191641
531 1.191544
532 1.191671
533 1.191751
534 1.191832
535 1.191466
536 1.191418
537 1.191423
538 1.191372
539 1.191629
540 1.191896
541 1.192059
542 1.191876
543 1.192023
544 1.191375
545 1.191608
546 1.191638
547 1.191995
548 1.191779
549 1.191429
550 1.191425
551 1.191422
552 1.191419
553 1.191363
554 1.191390
555 1.191086
556 1.190743
557 1.190521
558 1.190582
559 1.191049
560 1.191589
561 1.191595
562 1.191390
563 1.191242
564 1.191228
565 1.191344
566 1.191318
567 1.191303
568 1.191163
569 1.191277
570 1.191078
571 1.190754
572 1.190862
573 1.191248
574 1.191356
575 1.191713
576 1.191995
577 1.191939
578 1.192239
579 1.192316
580 1.192328
581 1.192266
582 1.192205
583 1.192189
584 1.192215
585 1.192682
586 1.192974
587 1.192646
588 1.192466
589 1.192694
590 1.192355
591 1.191916
592 1.191929
593 1.191182
594 1.190876
595 1.191439
596 1.191689
597 1.191398
598 1.191175
599 1.191234
600 1.190902
601 1.190691
602 1.191136
603 1.191404
604 1.191336
605 1.191355
606 1.190789
607 1.190063
608 1.189543
609 1.189622
610 1.189599
611 1.189683
612 1.189588
613 1.189553
614 1.189611
615 1.189560
616 1.189349
617 1.189878
618 1.190181
619 1.190125
620 1.190408
621 1.190649
622 1.190348
623 1.191114
624 1.191129
625 1.191531
626 1.191348
627 1.190889
628 1.191146
629 1.191246
630 1.191240
631 1.191595
632 1.191713
633 1.191765
634 1.191760
635 1.191405
636 1.191493
637 1.191443
638 1.191563
639 1.191503
640 1.191118
641 1.190876
642 1.190408
643 1.190329
644 1.190674
645 1.190073
646 1.190437
647 1.190752
648 1.190434
649 1.190366
650 1.190073
651 1.190102
652 1.189817
653 1.189925
654 1.189736
655 1.189967
656 1.190075
657 1.190634
658 1.191025
659 1.190738
660 1.190539
661 1.190431
662 1.190306
663 1.189896
664 1.189810
665 1.190438
666 1.191015
667 1.191429
668 1.191613
669 1.191475
670 1.191388
671 1.191559
672 1.191662
673 1.191708
674 1.191603
675 1.191918
676 1.192266
677 1.192253
678 1.191913
679 1.191449
680 1.191490
681 1.191607
682 1.191627
683 1.191463
684 1.191360
685 1.191483
686 1.191203
687 1.191150
688 1.190611
689 1.190449
690 1.190494
691 1.190106
692 1.190458
693 1.190385
694 1.190564
695 1.190669
696 1.190904
697 1.190853
698 1.190667
699 1.190799
700 1.190720
701 1.190773
702 1.190885
703 1.190675
704 1.190790
705 1.190768
706 1.190745
707 1.190580
708 1.190614
709 1.190544
710 1.190526
711 1.190520
712 1.190733
713 1.191101
714 1.190909
715 1.190830
716 1.190691
717 1.190952
718 1.191204
719 1.190750
720 1.190932
721 1.190962
722 1.191572
723 1.191557
724 1.191441
725 1.191649
726 1.191232
727 1.191544
728 1.191572
729 1.191665
730 1.191545
731 1.191604
732 1.191703
733 1.192024
734 1.192217
735 1.192200
736 1.192346
737 1.192609
738 1.192302
739 1.191905
740 1.191998
741 1.191816
742 1.191925
743 1.191522
744 1.191443
745 1.192086
746 1.191985
747 1.192122
748 1.192276
749 1.192359
750 1.191858
751 1.191634
752 1.191802
753 1.191774
754 1.191687
755 1.191698
756 1.191653
757 1.192072
758 1.191964
759 1.191925
760 1.191627
761 1.191378
762 1.191113
763 1.191613
764 1.191295
765 1.191106
766 1.191270
767 1.191227
768 1.191137
769 1.191562
770 1.191693
771 1.191977
772 1.191700
773 1.191691
774 1.191647
775 1.191184
776 1.191190
777 1.191367
778 1.191450
779 1.191734
780 1.191938
781 1.192123
782 1.191931
783 1.192093
784 1.192225
785 1.192047
786 1.191954
787 1.192366
788 1.192685
789 1.192802
790 1.192923
791 1.192796
792 1.192819
793 1.192659
794 1.192692
795 1.192735
796 1.192444
797 1.192359
798 1.192253
799 1.193014
800 1.192837
801 1.193004
802 1.192931
803 1.192685
804 1.192678
805 1.192911
806 1.192963
807 1.193004
808 1.193040
809 1.193229
810 1.193121
811 1.193063
812 1.193232
813 1.192594
814 1.192683
815 1.192885
816 1.193242
817 1.193258
818 1.192925
819 1.192938
820 1.192606
821 1.192612
822 1.192558
823 1.192446
824 1.192503
825 1.192771
826 1.192806
827 1.192378
828 1.192440
829 1.192487
830 1.192849
831 1.193095
832 1.193246
833 1.193396
834 1.193623
835 1.193797
836 1.193472
837 1.193302
838 1.193270
839 1.193376
840 1.193000
841 1.193223
842 1.193644
843 1.193949
844 1.194179
845 1.193599
846 1.193437
847 1.193352
848 1.193065
849 1.192616
850 1.192577
851 1.192609
852 1.192826
853 1.192656
854 1.192580
855 1.192675
856 1.192993
857 1.193142
858 1.193152
859 1.193271
860 1.192955
861 1.192233
862 1.192234
863 1.192538
864 1.192501
865 1.192313
866 1.192581
867 1.192714
868 1.192869
869 1.192570
870 1.192714
871 1.192850
872 1.193484
873 1.192760
874 1.192328
875 1.192173
876 1.192075
877 1.192182
878 1.192462
879 1.192173
880 1.191824
881 1.192110
882 1.192416
883 1.192989
884 1.193039
885 1.192525
886 1.192841
887 1.193098
888 1.193039
889 1.193347
890 1.193189
891 1.192943
892 1.193193
893 1.193206
894 1.193480
895 1.193427
896 1.192966
897 1.192919
898 1.192722
899 1.192790
900 1.193026
901 1.193471
902 1.193898
903 1.193812
904 1.193866
905 1.194331
906 1.194089
907 1.194210
908 1.193893
909 1.193731
910 1.193925
911 1.193970
912 1.193732
913 1.193390
914 1.193213
915 1.193702
916 1.193292
917 1.192574
918 1.192530
919 1.192263
920 1.192011
921 1.192143
922 1.191964
923 1.191975
924 1.192284
925 1.192227
926 1.191992
927 1.191689
928 1.191724
929 1.191870
930 1.191560
931 1.192029
932 1.192077
933 1.191895
934 1.191940
935 1.191998
936 1.191794
937 1.191601
938 1.191786
939 1.191391
940 1.191639
941 1.191716
942 1.191945
943 1.192364
944 1.192480
945 1.192431
946 1.192077
947 1.192263
948 1.192147
949 1.191801
950 1.191912
951 1.192158
952 1.191399
953 1.191553
954 1.191257
955 1.191118
956 1.191417
957 1.191808
958 1.191900
959 1.192010
960 1.191883
961 1.191884
962 1.191905
963 1.192023
964 1.192424
965 1.192675
966 1.192610
967 1.192155
968 1.192301
969 1.192511
970 1.192526
971 1.193017
972 1.192958
973 1.193092
974 1.192886
975 1.192888
976 1.192806
977 1.192701

