1 1.164016
2 1.150952
3 1.142546
4 1.137142
5 1.132544
6 1.128350
7 1.123105
8 1.118537
9 1.113922
10 1.108327
11 1.103053
12 1.097874
13 1.092980
14 1.087771
15 1.083862
16 1.079982
17 1.076606
18 1.073118
19 1.069458
20 1.065886
21 1.062036
22 1.058726
23 1.055825
24 1.053654
25 1.051304
26 1.048006
27 1.045740
28 1.043278
29 1.041261
30 1.039771
31 1.037837
32 1.036414
33 1.034729
34 1.033347
35 1.031371
36 1.029283
37 1.028820
38 1.028013
39 1.027942
40 1.027669
41 1.026762
42 1.025961
43 1.025314
44 1.024151
45 1.023564
46 1.023089
47 1.022543
48 1.023546
49 1.023742
50 1.024406
51 1.025154
52 1.025510
53 1.025563
54 1.025967
55 1.027052
56 1.027260
57 1.026441
58 1.026631
59 1.027171
60 1.028156
61 1.028369
62 1.029781
63 1.029846
64 1.030873
65 1.032747
66 1.034100
67 1.034622
68 1.037137
69 1.038656
70 1.039961
71 1.040543
72 1.041581
73 1.042785
74 1.044203
75 1.046303
76 1.046434
77 1.048024
78 1.049554
79 1.051803
80 1.052716
81 1.053327
82 1.053950
83 1.055593
84 1.057688
85 1.058785
86 1.059159
87 1.060630
88 1.061870
89 1.062428
90 1.064931
91 1.066058
92 1.067097
93 1.067322
94 1.068081
95 1.069719
96 1.071018
97 1.073053
98 1.074097
99 1.075236
100 1.077182
101 1.078558
102 1.080504
103 1.081406
104 1.082159
105 1.084271
106 1.085831
107 1.086632
108 1.087706
109 1.089444
110 1.091811
111 1.093449
112 1.095068
113 1.096492
114 1.098385
115 1.099927
116 1.100936
117 1.101214
118 1.103700
119 1.104620
120 1.105302
121 1.106726
122 1.108630
123 1.109419
124 1.109502
125 1.110060
126 1.110309
127 1.111460
128 1.112545
129 1.113483
130 1.113999
131 1.114883
132 1.114325
133 1.116212
134 1.116176
135 1.117369
136 1.118994
137 1.118970
138 1.120068
139 1.119344
140 1.120133
141 1.121231
142 1.121593
143 1.123117
144 1.124826
145 1.126024
146 1.126677
147 1.128065
148 1.128747
149 1.129317
150 1.129940
151 1.131369
152 1.130877
153 1.131144
154 1.133113
155 1.133932
156 1.134579
157 1.135267
158 1.135504
159 1.135154
160 1.136851
161 1.137456
162 1.137913
163 1.138014
164 1.139093
165 1.138749
166 1.140054
167 1.139758
168 1.139669
169 1.140209
170 1.141217
171 1.142315
172 1.142629
173 1.143733
174 1.142801
175 1.143489
176 1.144866
177 1.144789
178 1.145999
179 1.146420
180 1.146877
181 1.148093
182 1.149007
183 1.149582
184 1.150199
185 1.151279
186 1.152038
187 1.152376
188 1.152608
189 1.152750
190 1.153260
191 1.154322
192 1.154334
193 1.154803
194 1.155728
195 1.155871
196 1.156286
197 1.156173
198 1.156950
199 1.157342
200 1.158344
201 1.158860
202 1.159448
203 1.158309
204 1.159572
205 1.159098
206 1.159027
207 1.159205
208 1.159353
209 1.159335
210 1.158985
211 1.159050
212 1.159792
213 1.160332
214 1.160261
215 1.160183
216 1.160094
217 1.160587
218 1.161939
219 1.163144
220 1.162859
221 1.162070
222 1.161613
223 1.160955
224 1.161257
225 1.161589
226 1.162681
227 1.162693
228 1.161779
229 1.161661
230 1.162325
231 1.163541
232 1.163167
233 1.163695
234 1.163446
235 1.164823
236 1.165422
237 1.164971
238 1.166205
239 1.166875
240 1.166929
241 1.167202
242 1.167101
243 1.166513
244 1.166389
245 1.166632
246 1.166430
247 1.166490
248 1.166110
249 1.165386
250 1.165220
251 1.164698
252 1.164490
253 1.165149
254 1.164710
255 1.165588
256 1.166413
257 1.166840
258 1.167006
259 1.167676
260 1.168542
261 1.170251
262 1.171491
263 1.170814
264 1.171218
265 1.171372
266 1.171028
267 1.171787
268 1.170524
269 1.169699
270 1.169693
271 1.169373
272 1.169741
273 1.170310
274 1.171378
275 1.172179
276 1.172766
277 1.174362
278 1.173799
279 1.172659
280 1.171823
281 1.172642
282 1.172470
283 1.172926
284 1.173211
285 1.172861
286 1.172855
287 1.173057
288 1.172766
289 1.172007
290 1.173187
291 1.172802
292 1.173045
293 1.173686
294 1.172897
295 1.173069
296 1.172232
297 1.171870
298 1.172511
299 1.172743
300 1.172956
301 1.173460
302 1.173336
303 1.173205
304 1.173668
305 1.173389
306 1.173561
307 1.173793
308 1.173793
309 1.173508
310 1.174125
311 1.173793
312 1.174421
313 1.174350
314 1.175080
315 1.176812
316 1.177204
317 1.176533
318 1.176367
319 1.176480
320 1.176990
321 1.174760
322 1.174677
323 1.176183
324 1.177358
325 1.176599
326 1.176581
327 1.176450
328 1.177340
329 1.178479
330 1.177548
331 1.177061
332 1.178295
333 1.177364
334 1.177411
335 1.176783
336 1.177720
337 1.177643
338 1.177744
339 1.178147
340 1.177595
341 1.177999
342 1.178319
343 1.178675
344 1.178521
345 1.178782
346 1.178533
347 1.177233
348 1.177233
349 1.177483
350 1.176759
351 1.175638
352 1.174902
353 1.175655
354 1.175910
355 1.176142
356 1.176937
357 1.176195
358 1.176700
359 1.176284
360 1.176189
361 1.176326
362 1.175999
363 1.175507
364 1.176166
365 1.175994
366 1.175999
367 1.176444
368 1.177334
369 1.177008
370 1.177008
371 1.177583
372 1.177655
373 1.177162
374 1.176747
375 1.176759
376 1.177862
377 1.178022
378 1.177696
379 1.178094
380 1.177690
381 1.178995
382 1.179096
383 1.179114
384 1.178687
385 1.178811
386 1.178610
387 1.178806
388 1.178972
389 1.179393
390 1.178456
391 1.177667
392 1.177649
393 1.176106
394 1.175555
395 1.176848
396 1.178859
397 1.178467
398 1.178461
399 1.178461
400 1.178028
401 1.177631
402 1.177382
403 1.176302
404 1.176231
405 1.175525
406 1.176077
407 1.176023
408 1.176860
409 1.177358
410 1.177453
411 1.177305
412 1.177026
413 1.177233
414 1.178153
415 1.177340
416 1.178135
417 1.176320
418 1.176059
419 1.177014
420 1.176729
421 1.176504
422 1.177061
423 1.176640
424 1.176379
425 1.177085
426 1.176611
427 1.176415
428 1.177524
429 1.177928
430 1.178456
431 1.178948
432 1.178218
433 1.177767
434 1.177275
435 1.175916
436 1.175329
437 1.175661
438 1.176083
439 1.175027
440 1.176682
441 1.176112
442 1.176664
443 1.177904
444 1.178521
445 1.179440
446 1.178871
447 1.178479
448 1.178254
449 1.177939
450 1.176990
451 1.177417
452 1.176913
453 1.177702
454 1.177394
455 1.177044
456 1.178503
457 1.178094
458 1.178402
459 1.179007
460 1.178912
461 1.179339
462 1.179120
463 1.179245
464 1.179144
465 1.179879
466 1.179339
467 1.180051
468 1.180075
469 1.179458
470 1.179173
471 1.179215
472 1.180562
473 1.180579
474 1.180799
475 1.180045
476 1.180235
477 1.178918
478 1.179968
479 1.180010
480 1.179648
481 1.179541
482 1.180229
483 1.180858
484 1.181606
485 1.180680
486 1.180651
487 1.180413
488 1.180253
489 1.179885
490 1.179838
491 1.180170
492 1.180852
493 1.180852
494 1.181196
495 1.181695
496 1.182929
497 1.182086
498 1.181707
499 1.182116
500 1.182140
501 1.181440
502 1.181434
503 1.181090
504 1.180977
505 1.181321
506 1.181078
507 1.179778
508 1.179262
509 1.178456
510 1.178230
511 1.178278
512 1.177797
513 1.177560
514 1.178877
515 1.178319
516 1.179167
517 1.180615
518 1.181790
519 1.182905
520 1.183599
521 1.184216
522 1.184234
523 1.184697
524 1.184169
525 1.183718
526 1.183190
527 1.182442
528 1.182033
529 1.181766
530 1.181629
531 1.182252
532 1.182573
533 1.183077
534 1.183878
535 1.184851
536 1.185141
537 1.183789
538 1.182276
539 1.182507
540 1.182306
541 1.181813
542 1.181374
543 1.181202
544 1.180692
545 1.180734
546 1.179909
547 1.179725
548 1.179428
549 1.179256
550 1.179256
551 1.179019
552 1.178984
553 1.179731
554 1.179601
555 1.179434
556 1.180176
557 1.180241
558 1.181303
559 1.180995
560 1.179921
561 1.180010
562 1.179743
563 1.178984
564 1.178663
565 1.177133
566 1.176771
567 1.177121
568 1.176913
569 1.175910
570 1.175519
571 1.176088
572 1.175685
573 1.176539
574 1.176195
575 1.175436
576 1.174783
577 1.175181
578 1.175199
579 1.176385
580 1.176243
581 1.176729
582 1.177471
583 1.178675
584 1.179239
585 1.179345
586 1.178817
587 1.178610
588 1.179357
589 1.179482
590 1.179102
591 1.178313
592 1.177910
593 1.178835
594 1.179019
595 1.178634
596 1.177987
597 1.178337
598 1.178147
599 1.177809
600 1.178313
601 1.179073
602 1.180401
603 1.180348
604 1.181576
605 1.181576
606 1.182460
607 1.182146
608 1.182080
609 1.182246
610 1.182092
611 1.181588
612 1.182092
613 1.182187
614 1.182626
615 1.182217
616 1.182140
617 1.182205
618 1.181570
619 1.182650
620 1.182555
621 1.182840
622 1.182638
623 1.182484
624 1.181979
625 1.182157
626 1.183065
627 1.184056
628 1.183249
629 1.183077
630 1.183350
631 1.182448
632 1.182015
633 1.182341
634 1.181612
635 1.180959
636 1.181060
637 1.180656
638 1.181885
639 1.181131
640 1.179968
641 1.179897
642 1.179268
643 1.179055
644 1.180087
645 1.179120
646 1.179132
647 1.179019
648 1.179339
649 1.180217
650 1.181540
651 1.181368
652 1.181653
653 1.182270
654 1.182389
655 1.182187
656 1.181944
657 1.182757
658 1.181689
659 1.181155
660 1.181279
661 1.180134
662 1.178883
663 1.179517
664 1.179138
665 1.178313
666 1.178645
667 1.179464
668 1.179541
669 1.178788
670 1.178746
671 1.178634
672 1.178906
673 1.178669
674 1.179755
675 1.179428
676 1.179707
677 1.180484
678 1.180324
679 1.180146
680 1.180858
681 1.181048
682 1.181226
683 1.181297
684 1.182223
685 1.182739
686 1.182929
687 1.184210
688 1.184376
689 1.184097
690 1.184388
691 1.184281
692 1.184827
693 1.183931
694 1.184483
695 1.183949
696 1.184809
697 1.184940
698 1.184851
699 1.185284
700 1.185349
701 1.184827
702 1.184376
703 1.184026
704 1.184631
705 1.184637
706 1.184874
707 1.184536
708 1.183979
709 1.183813
710 1.183202
711 1.183184
712 1.183658
713 1.184103
714 1.182822
715 1.182679
716 1.183202
717 1.182828
718 1.182816
719 1.182205
720 1.181653
721 1.181060
722 1.181190
723 1.181463
724 1.180829
725 1.181742
726 1.182122
727 1.180852
728 1.180490
729 1.180686
730 1.181837
731 1.182211
732 1.182626
733 1.182869
734 1.181778
735 1.181825
736 1.181570
737 1.181855
738 1.181896
739 1.182086
740 1.182763
741 1.182768
742 1.182413
743 1.183326
744 1.182365
745 1.181487
746 1.180900
747 1.180544
748 1.179624
749 1.180425
750 1.180704
751 1.179808
752 1.180247
753 1.181683
754 1.181416
755 1.180674
756 1.180407
757 1.181054
758 1.181558
759 1.182205
760 1.181481
761 1.181161
762 1.181155
763 1.180882
764 1.181119
765 1.180283
766 1.180455
767 1.180769
768 1.179761
769 1.180212
770 1.180336
771 1.181451
772 1.181861
773 1.182205
774 1.182768
775 1.182092
776 1.182045
777 1.182531
778 1.182217
779 1.181849
780 1.181190
781 1.181517
782 1.181606
783 1.182057
784 1.181434
785 1.181867
786 1.180876
787 1.180022
788 1.180241
789 1.179998
790 1.179642
791 1.179743
792 1.180247
793 1.179529
794 1.178906
795 1.180206
796 1.180698
797 1.181238
798 1.181724
799 1.182478
800 1.182021
801 1.181629
802 1.181612
803 1.181534
804 1.180983
805 1.182199
806 1.181641
807 1.181220
808 1.180864
809 1.180556
810 1.181641
811 1.181007
812 1.181944
813 1.180740
814 1.180134
815 1.180295
816 1.179464
817 1.179606
818 1.179173
819 1.178639
820 1.179381
821 1.179689
822 1.179951
823 1.179927
824 1.180324
825 1.181451
826 1.180918
827 1.181084
828 1.181042
829 1.180935
830 1.180882
831 1.181896
832 1.182347
833 1.181718
834 1.181890
835 1.182217
836 1.182869
837 1.182240
838 1.181701
839 1.181914
840 1.182780
841 1.182264
842 1.182478
843 1.181517
844 1.181030
845 1.181873
846 1.181469
847 1.180823
848 1.182324
849 1.182638
850 1.182448
851 1.181416
852 1.182045
853 1.181119
854 1.181612
855 1.181232
856 1.180401
857 1.181386
858 1.182507
859 1.182513
860 1.183391
861 1.183118
862 1.182080
863 1.181671
864 1.181659
865 1.183154
866 1.183409
867 1.182086
868 1.182525
869 1.181819
870 1.181493
871 1.182187
872 1.182590
873 1.182679
874 1.182840
875 1.182697
876 1.183035
877 1.183190
878 1.184281
879 1.183397
880 1.183130
881 1.183255
882 1.183095
883 1.183178
884 1.183338
885 1.183670
886 1.185355
887 1.184542
888 1.183741
889 1.183765
890 1.184465
891 1.184406
892 1.183468
893 1.183368
894 1.182958
895 1.183985
896 1.184157
897 1.183635
898 1.183468
899 1.184299
900 1.183320
901 1.182472
902 1.182703
903 1.183089
904 1.182602
905 1.182852
906 1.182751
907 1.182650
908 1.181950
909 1.181386
910 1.182205
911 1.183124
912 1.183569
913 1.183907
914 1.183374
915 1.184038
916 1.184821
917 1.184697
918 1.183777
919 1.182964
920 1.184139
921 1.181979
922 1.181594
923 1.181683
924 1.182080
925 1.181778
926 1.183261
927 1.183397
928 1.183225
929 1.183682
930 1.182899
931 1.182229
932 1.182430
933 1.181962
934 1.181772
935 1.182151
936 1.181303
937 1.180668
938 1.180384
939 1.181451
940 1.180793
941 1.181540
942 1.181244
943 1.180579
944 1.180390
945 1.179921
946 1.180152
947 1.179464
948 1.181351
949 1.180870
950 1.180360
951 1.181457
952 1.182318
953 1.181707
954 1.183006
955 1.182549
956 1.182513
957 1.182033
958 1.180591
959 1.179322
960 1.180247
961 1.181113
962 1.181060
963 1.181434
964 1.181588
965 1.181629
966 1.181659
967 1.181796
968 1.181345
969 1.181184
970 1.179648
971 1.179351
972 1.180111
973 1.181380
974 1.182057
975 1.182757
976 1.183225
977 1.182840
978 1.183077
979 1.183540
980 1.184750
981 1.183747
982 1.184145
983 1.183979
984 1.183314
985 1.183789
986 1.182573
987 1.182252
988 1.181718
989 1.181321
990 1.181131
991 1.181920
992 1.182780
993 1.182674
994 1.182964
995 1.182774
996 1.182549
997 1.182104
998 1.181695
999 1.181351
1000 1.181487
1001 1.181428
1002 1.181374
1003 1.182187
1004 1.182501
1005 1.183113
1006 1.183534
1007 1.183029
1008 1.183196
1009 1.183563
1010 1.182715
1011 1.182549
1012 1.182146
1013 1.181202
1014 1.181101
1015 1.179909
1016 1.179529
1017 1.180639
1018 1.180888
1019 1.180953
1020 1.181422
1021 1.180413
1022 1.180324
1023 1.180051
1024 1.179986
1025 1.179559
1026 1.179464
1027 1.179571
1028 1.179547
1029 1.180484
1030 1.181629
1031 1.183801
1032 1.184174
1033 1.184874
1034 1.184797
1035 1.184750
1036 1.184560
1037 1.184762
1038 1.184216
1039 1.183041
1040 1.181683
1041 1.182353
1042 1.182602
1043 1.182389
1044 1.181730
1045 1.181380
1046 1.181552
1047 1.181285
1048 1.181594
1049 1.181896
1050 1.181801
1051 1.181819
1052 1.182157
1053 1.182187
1054 1.183178
1055 1.183611
1056 1.183118
1057 1.183486
1058 1.184097
1059 1.184311
1060 1.184750
1061 1.184459
1062 1.184269
1063 1.184774
1064 1.185254
1065 1.184566
1066 1.184056
1067 1.183682
1068 1.183148
1069 1.182923
1070 1.183563
1071 1.183706
1072 1.184192
1073 1.184044
1074 1.183724
1075 1.182608
1076 1.182602
1077 1.182792
1078 1.183006
1079 1.182027
1080 1.180686
1081 1.180989
1082 1.180087
1083 1.179992
1084 1.180722
1085 1.181297
1086 1.183130
1087 1.183041
1088 1.183077
1089 1.183552
1090 1.183919
1091 1.184192
1092 1.184702
1093 1.184388
1094 1.185397
1095 1.184946
1096 1.184418
1097 1.183593
1098 1.184477
1099 1.184441
1100 1.184554
1101 1.183641
1102 1.182751
1103 1.182484
1104 1.182353
1105 1.183107
1106 1.182774
1107 1.181665
1108 1.181428
1109 1.181179
1110 1.180995
1111 1.181268
1112 1.182193
1113 1.182418
1114 1.182341
1115 1.181944
1116 1.182656
1117 1.182383
1118 1.182709
1119 1.182134
1120 1.182964
1121 1.183065
1122 1.183646
1123 1.183617
1124 1.184471
1125 1.183166
1126 1.184032
1127 1.184406
1128 1.183884
1129 1.183712
1130 1.184014
1131 1.183599
1132 1.183931
1133 1.185035
1134 1.184851
1135 1.185213
1136 1.185005
1137 1.184519
1138 1.185468
1139 1.185705
1140 1.186280
1141 1.186524
1142 1.185770
1143 1.184886
1144 1.184305
1145 1.185100
1146 1.184560
1147 1.185195
1148 1.185527
1149 1.185331
1150 1.185225
1151 1.184560
1152 1.185497
1153 1.184483
1154 1.184032
1155 1.184145
1156 1.184459
1157 1.183225
1158 1.183219
1159 1.182893
1160 1.183836
1161 1.182555
1162 1.183124
1163 1.182834
1164 1.183682
1165 1.183534
1166 1.182685
1167 1.182721
1168 1.182163
1169 1.183095
1170 1.183249
1171 1.182288
1172 1.183035
1173 1.183308
1174 1.183059
1175 1.183552
1176 1.183065
1177 1.182970
1178 1.182869
1179 1.183261
1180 1.184074
1181 1.184044
1182 1.183486
1183 1.183380
1184 1.183237
1185 1.182946
1186 1.182448
1187 1.182252
1188 1.182780
1189 1.181908
1190 1.182335
1191 1.181724
1192 1.181095
1193 1.180603
1194 1.180941
1195 1.179405
1196 1.178918
1197 1.179096
1198 1.177933
1199 1.177601
1200 1.177441
1201 1.176842
1202 1.177690
1203 1.178272
1204 1.177821
1205 1.178693
1206 1.178183
1207 1.177477
1208 1.177910
1209 1.179114
1210 1.178550
1211 1.179286
1212 1.178906
1213 1.179387
1214 1.178319
1215 1.179179
1216 1.180894
1217 1.180959
1218 1.181024
1219 1.180253
1220 1.180206
1221 1.180443
1222 1.181315
1223 1.180971
1224 1.181345
1225 1.181546
1226 1.181843
1227 1.181451
1228 1.181588
1229 1.181167
1230 1.181179
1231 1.181345
1232 1.180692
1233 1.180348
1234 1.179784
1235 1.179808
1236 1.180247
1237 1.180128
1238 1.180128
1239 1.181309
1240 1.181084
1241 1.181250
1242 1.181606
1243 1.181285
1244 1.180912
1245 1.181469
1246 1.181493
1247 1.181534
1248 1.181582
1249 1.181926
1250 1.182608
1251 1.182519
1252 1.183095
1253 1.182911
1254 1.183694
1255 1.183457
1256 1.183326
1257 1.182846
1258 1.182151
1259 1.182021
1260 1.181048
1261 1.181386
1262 1.181463
1263 1.182246
1264 1.182668
1265 1.182952
1266 1.183955
1267 1.183866
1268 1.183931
1269 1.184750
1270 1.183178
1271 1.182537
1272 1.182098
1273 1.181012
1274 1.180912
1275 1.181499
1276 1.181594
1277 1.181012
1278 1.181001
1279 1.181974
1280 1.183415
1281 1.184091
1282 1.184513
1283 1.185082
1284 1.184845
1285 1.184014
1286 1.183759
1287 1.183498
1288 1.183688
1289 1.183172
1290 1.183694
1291 1.183380
1292 1.183362
1293 1.182834
1294 1.183522
1295 1.183308
1296 1.183652
1297 1.182579
1298 1.183083
1299 1.183041
1300 1.183658
1301 1.183113
1302 1.182697
1303 1.183207
1304 1.183231
1305 1.182632
1306 1.182300
1307 1.181950
1308 1.181362
1309 1.181790
1310 1.181428
1311 1.180366
1312 1.180170
1313 1.179713
1314 1.180467
1315 1.180763
1316 1.179553
1317 1.179577
1318 1.181036
1319 1.181724
1320 1.182786
1321 1.181819
1322 1.181600
1323 1.181896
1324 1.182306
1325 1.183646
1326 1.183225
1327 1.182430
1328 1.183528
1329 1.182549
1330 1.182318
1331 1.181932
1332 1.181778
1333 1.182644
1334 1.181950
1335 1.181291
1336 1.181012
1337 1.180040
1338 1.179452
1339 1.179482
1340 1.180318
1341 1.180490
1342 1.181718
1343 1.181754
1344 1.181885
1345 1.181297
1346 1.182104
1347 1.183000
1348 1.183463
1349 1.183807
1350 1.183599
1351 1.183029
1352 1.182970
1353 1.183563
1354 1.183035
1355 1.182994
1356 1.183356
1357 1.182561
1358 1.182519
1359 1.182757
1360 1.182935
1361 1.182614
1362 1.183504
1363 1.184157
1364 1.184839
1365 1.184548
1366 1.184418
1367 1.183540
1368 1.185313
1369 1.184222
1370 1.184898
1371 1.183706
1372 1.184085
1373 1.183967
1374 1.185082
1375 1.185201
1376 1.183866
1377 1.184305
1378 1.184252
1379 1.183907
1380 1.183652
1381 1.183089
1382 1.183747
1383 1.183391
1384 1.182567
1385 1.183071
1386 1.182531
1387 1.182715
1388 1.183326
1389 1.182727
1390 1.182887
1391 1.182371
1392 1.182650
1393 1.181807
1394 1.181368
1395 1.181546
1396 1.181962
1397 1.182852
1398 1.183113
1399 1.182442
1400 1.182703
1401 1.181742
1402 1.180959
1403 1.181451
1404 1.181451
1405 1.180579
1406 1.179684
1407 1.178289
1408 1.178533
1409 1.178740
1410 1.177797
1411 1.178052
1412 1.176978
1413 1.177459
1414 1.177055
1415 1.177441
1416 1.177827
1417 1.179749
1418 1.180093
1419 1.179903
1420 1.179666
1421 1.180633
1422 1.179956
1423 1.179974
1424 1.179156
1425 1.180093
1426 1.180419
1427 1.179796
1428 1.179517
1429 1.180639
1430 1.180395
1431 1.179850
1432 1.179867
1433 1.179078
1434 1.179553
1435 1.178705
1436 1.179838
1437 1.179695
1438 1.178521
1439 1.178645
1440 1.179547
1441 1.179440
1442 1.179274
1443 1.178663
1444 1.179345
1445 1.179387
1446 1.179529
1447 1.178616
1448 1.178456
1449 1.178610
1450 1.177862
1451 1.178521
1452 1.178734
1453 1.178687
1454 1.178467
1455 1.178722
1456 1.178728
1457 1.178539
1458 1.178106
1459 1.178224
1460 1.178776
1461 1.179268
1462 1.179992
1463 1.179061
1464 1.177755
1465 1.178402
1466 1.177643
1467 1.178177
1468 1.179986
1469 1.180627
1470 1.181137
1471 1.180508
1472 1.180704
1473 1.180010
1474 1.180010
1475 1.180040
1476 1.180870
1477 1.180318
1478 1.180923
1479 1.180971
1480 1.180912
1481 1.180740
1482 1.181297
1483 1.180805
1484 1.181784
1485 1.182709
1486 1.182335
1487 1.181582
1488 1.180983
1489 1.181179
1490 1.181214
1491 1.182175
1492 1.181309
1493 1.180692
1494 1.180544
1495 1.180194
1496 1.179891
1497 1.180034
1498 1.179428
1499 1.179583
1500 1.178924
1501 1.178900
1502 1.179161
1503 1.180301
1504 1.181297
1505 1.181600
1506 1.181861
1507 1.182288
1508 1.181588
1509 1.180834
1510 1.181902
1511 1.182620
1512 1.182033
1513 1.182632
1514 1.182846
1515 1.183356
1516 1.182982
1517 1.183136
1518 1.183907
1519 1.183587
1520 1.183035
1521 1.182371
1522 1.182513
1523 1.181831
1524 1.180259
1525 1.180336
1526 1.180995
1527 1.181262
1528 1.180840
1529 1.180668
1530 1.180615
1531 1.180573
1532 1.179488
1533 1.180603
1534 1.179903
1535 1.179921
1536 1.180241
1537 1.180740
1538 1.181238
1539 1.182347
1540 1.182383
1541 1.183083
1542 1.183059
1543 1.182774
1544 1.182988
1545 1.182561
1546 1.181689
1547 1.182371
1548 1.182068
1549 1.182496
1550 1.182757
1551 1.183041
1552 1.182543
1553 1.182709
1554 1.181908
1555 1.181368
1556 1.181962
1557 1.181540
1558 1.181196
1559 1.181351
1560 1.180769
1561 1.180923
1562 1.181819
1563 1.182679
1564 1.182917
1565 1.183136
1566 1.183528
1567 1.183000
1568 1.183552
1569 1.183130
1570 1.183024
1571 1.183587
1572 1.183872
1573 1.183059
1574 1.183902
1575 1.182846
1576 1.183059
1577 1.184026
1578 1.183231
1579 1.182715
1580 1.183065
1581 1.182757
1582 1.183913
1583 1.184032
1584 1.185201
1585 1.185527
1586 1.185788
1587 1.185800
1588 1.185284
1589 1.186269
1590 1.186773
1591 1.187105
1592 1.186981
1593 1.184833
1594 1.185248
1595 1.184210
1596 1.184335
1597 1.185812
1598 1.186286
1599 1.186690
1600 1.187188
1601 1.187787
1602 1.187657
1603 1.187336
1604 1.185735
1605 1.185438
1606 1.184963
1607 1.184364
1608 1.184768
1609 1.184174
1610 1.183854
1611 1.183095
1612 1.183178
1613 1.183552
1614 1.183415
1615 1.183504
1616 1.183943
1617 1.184667
1618 1.185106
1619 1.185456
1620 1.185693
1621 1.186387
1622 1.186399
1623 1.186328
1624 1.186144
1625 1.186037
1626 1.186512
1627 1.184768
1628 1.185592
1629 1.186126
1630 1.186417
1631 1.185942
1632 1.186091
1633 1.185266
1634 1.186951
1635 1.186915
1636 1.186512
1637 1.187307
1638 1.186921
1639 1.187034
1640 1.187556
1641 1.188244
1642 1.188404
1643 1.188416
1644 1.188790
1645 1.189093
1646 1.188078
1647 1.186221
1648 1.186464
1649 1.186862
1650 1.186263
1651 1.185130
1652 1.183528
1653 1.183344
1654 1.182946
1655 1.183261
1656 1.182537
1657 1.182668
1658 1.181623
1659 1.181695
1660 1.182395
1661 1.182940
1662 1.183012
1663 1.183118
1664 1.183368
1665 1.183035
1666 1.183836
1667 1.183587
1668 1.183314
1669 1.183860
1670 1.183249
1671 1.183006
1672 1.183468
1673 1.183801
1674 1.184311
1675 1.183397
1676 1.183718
1677 1.183047
1678 1.183409
1679 1.183961
1680 1.183368
1681 1.184103
1682 1.184554
1683 1.183261
1684 1.184815
1685 1.185723
1686 1.184697
1687 1.184263
1688 1.183623
1689 1.184074
1690 1.184038
1691 1.184667
1692 1.185052
1693 1.184619
1694 1.185213
1695 1.186553
1696 1.186909
1697 1.186103
1698 1.184768
1699 1.184999
1700 1.185385
1701 1.186156
1702 1.186352
1703 1.186251
1704 1.186019
1705 1.185616
1706 1.185308
1707 1.185201
1708 1.184085
1709 1.183279
1710 1.184151
1711 1.184364
1712 1.184258
1713 1.183326
1714 1.184139
1715 1.184596
1716 1.184584
1717 1.183700
1718 1.183314
1719 1.183261
1720 1.183308
1721 1.183391
1722 1.183973
1723 1.183451
1724 1.182917
1725 1.182964
1726 1.182650
1727 1.182324
1728 1.182935
1729 1.183801
1730 1.184501
1731 1.184370
1732 1.184993
1733 1.185646
1734 1.185616
1735 1.185302
1736 1.186601
1737 1.186197
1738 1.185551
1739 1.184524
1740 1.185219
1741 1.185171
1742 1.185491
1743 1.185622
1744 1.186886
1745 1.185830
1746 1.185337
1747 1.185171
1748 1.184050
1749 1.185100
1750 1.184240
1751 1.184293
1752 1.184768
1753 1.183943
1754 1.183996
1755 1.183498
1756 1.182958
1757 1.183534
1758 1.184174
1759 1.183884
1760 1.184026
1761 1.183753
1762 1.183029
1763 1.183279
1764 1.182869
1765 1.183706
1766 1.183688
1767 1.183635
1768 1.184465
1769 1.184863
1770 1.185509
1771 1.186969
1772 1.186547
1773 1.185889
1774 1.184969
1775 1.184269
1776 1.184892
1777 1.185017
1778 1.185569
1779 1.186648
1780 1.187271
1781 1.186144
1782 1.186156
1783 1.185883
1784 1.185693
1785 1.184613
1786 1.185331
1787 1.184762
1788 1.185349
1789 1.185438
1790 1.184892
1791 1.184513
1792 1.184863
1793 1.186364
1794 1.186986
1795 1.187046
1796 1.187135
1797 1.186263
1798 1.185402
1799 1.185260
1800 1.185664
1801 1.185254
1802 1.184347
1803 1.184987
1804 1.184352
1805 1.184892
1806 1.184608
1807 1.184958
1808 1.185812
1809 1.185747
1810 1.186903
1811 1.186903
1812 1.187425
1813 1.186227
1814 1.187562
1815 1.186850
1816 1.186494
1817 1.185622
1818 1.185165
1819 1.186458
1820 1.186328
1821 1.186607
1822 1.187473
1823 1.187402
1824 1.187764
1825 1.187212
1826 1.186132
1827 1.185616
1828 1.185592
1829 1.185141
1830 1.186239
1831 1.186524
1832 1.186595
1833 1.186453
1834 1.186381
1835 1.186221
1836 1.184880
1837 1.184400
1838 1.184507
1839 1.184091
1840 1.183308
1841 1.183202
1842 1.183931
1843 1.183148
1844 1.182466
1845 1.182786
1846 1.182573
1847 1.181469
1848 1.181618
1849 1.181072
1850 1.181072
1851 1.181908
1852 1.181179
1853 1.180407
1854 1.180852
1855 1.180656
1856 1.181273
1857 1.182235
1858 1.182146
1859 1.182875
1860 1.183107
1861 1.183190
1862 1.183035
1863 1.182733
1864 1.183902
1865 1.184376
1866 1.185397
1867 1.186690
1868 1.186803
1869 1.187313
1870 1.187425
1871 1.187781
1872 1.188481
1873 1.187918
1874 1.187437
1875 1.186826
1876 1.184791
1877 1.184293
1878 1.183860
1879 1.183540
1880 1.183546
1881 1.184293
1882 1.184744
1883 1.185426
1884 1.186108
1885 1.187070
1886 1.186892
1887 1.187574
1888 1.187936
1889 1.187770
1890 1.188126
1891 1.188108
1892 1.188007
1893 1.187811
1894 1.188553
1895 1.187159
1896 1.186583
1897 1.186506
1898 1.186085
1899 1.186233
1900 1.185147
1901 1.184026
1902 1.183468
1903 1.183000
1904 1.183504
1905 1.184679
1906 1.183415
1907 1.184714
1908 1.183154
1909 1.184056
1910 1.184643
1911 1.184833
1912 1.184400
1913 1.184441
1914 1.185052
1915 1.184756
1916 1.184441
1917 1.183795
1918 1.184821
1919 1.185011
1920 1.185349
1921 1.186405
1922 1.186132
1923 1.185266
1924 1.184768
1925 1.183136
1926 1.183029
1927 1.182662
1928 1.182863
1929 1.181612
1930 1.180603
1931 1.180722
1932 1.180484
1933 1.181487
1934 1.183202
1935 1.184317
1936 1.184519
1937 1.184513
1938 1.183368
1939 1.183546
1940 1.184364
1941 1.185272
1942 1.186120
1943 1.185112
1944 1.184786
1945 1.184530
1946 1.184121
1947 1.182751
1948 1.182501
1949 1.182804
1950 1.182561
1951 1.181214
1952 1.181742
1953 1.182306
1954 1.181831
1955 1.182424
1956 1.182424
1957 1.183172
1958 1.184370
1959 1.184329
1960 1.184584
1961 1.184263
1962 1.184691
1963 1.184293
1964 1.184299
1965 1.184892
1966 1.183296
1967 1.183154
1968 1.183516
1969 1.183172
1970 1.183338
1971 1.182632
1972 1.182252
1973 1.183065
1974 1.182988
1975 1.182810
1976 1.183237
1977 1.182976
1978 1.182223
1979 1.182288
1980 1.182970
1981 1.183747
1982 1.184952
1983 1.185005
1984 1.186233
1985 1.186286
1986 1.185023
1987 1.184904
1988 1.184056
1989 1.183771
1990 1.183130
1991 1.183854
1992 1.183421
1993 1.184299
1994 1.184323
1995 1.183658
1996 1.183302
1997 1.182146
1998 1.182786
1999 1.182822
2000 1.182656
2001 1.182899
2002 1.183024
2003 1.182697
2004 1.182478
2005 1.181867
2006 1.181232
2007 1.181896
2008 1.181582
2009 1.183813
2010 1.184074
2011 1.183510
2012 1.183557
2013 1.183504
2014 1.183801
2015 1.184661
2016 1.183552
2017 1.183124
2018 1.183225
2019 1.183463
2020 1.183468
2021 1.183006
2022 1.182994
2023 1.183457
2024 1.184287
2025 1.184169
2026 1.183676
2027 1.183528
2028 1.183866
2029 1.183540
2030 1.183397
2031 1.182834
2032 1.182786
2033 1.182134
2034 1.180301
2035 1.181493
2036 1.180651
2037 1.181742
2038 1.181784
2039 1.182187
2040 1.181291
2041 1.181724
2042 1.182573
2043 1.181653
2044 1.180117
2045 1.180265
2046 1.180265
2047 1.179464
2048 1.180799
2049 1.180763
2050 1.181060
2051 1.181879
2052 1.182051
2053 1.182068
2054 1.181208
2055 1.181256
2056 1.181101
2057 1.181707
2058 1.182211
2059 1.182976
2060 1.182448
2061 1.181434
2062 1.182442
2063 1.182804
2064 1.183089
2065 1.184139
2066 1.184050
2067 1.183344
2068 1.183652
2069 1.182573
2070 1.181256
2071 1.182027
2072 1.182009
2073 1.182074
2074 1.180864
2075 1.181944
2076 1.182306
2077 1.182472
2078 1.183006
2079 1.181997
2080 1.182377
2081 1.182033
2082 1.183202
2083 1.182656
2084 1.182875
2085 1.183243
2086 1.183409
2087 1.183848
2088 1.184797
2089 1.184554
2090 1.183587
2091 1.183457
2092 1.183848
2093 1.184299
2094 1.182436
2095 1.182430
2096 1.182051
2097 1.182810
2098 1.183735
2099 1.183308
2100 1.183332
2101 1.183350
2102 1.183700
2103 1.184038
2104 1.184293
2105 1.183605
2106 1.183148
2107 1.182223
2108 1.182027
2109 1.181902
2110 1.181285
2111 1.182430
2112 1.182258
2113 1.181968
2114 1.181647
2115 1.182585
2116 1.183765
2117 1.183688
2118 1.184501
2119 1.184643
2120 1.184341
2121 1.184720
2122 1.185189
2123 1.186002
2124 1.185824
2125 1.185408
2126 1.185806
2127 1.185527
2128 1.185990
2129 1.185058
2130 1.184691
2131 1.184786
2132 1.184863
2133 1.185373
2134 1.186702
2135 1.186464
2136 1.186714
2137 1.186197
2138 1.186168
2139 1.186447
2140 1.186103
2141 1.186648
2142 1.186286
2143 1.186844
2144 1.187058
2145 1.186405
2146 1.186043
2147 1.185942
2148 1.185450
2149 1.185824
2150 1.186755
2151 1.187093
2152 1.187811
2153 1.188535
2154 1.189318
2155 1.188897
2156 1.189146
2157 1.188262
2158 1.186619
2159 1.185747
2160 1.185883
2161 1.186091
2162 1.186957
2163 1.187153
2164 1.186785
2165 1.188042
2166 1.187888
2167 1.188042
2168 1.189015
2169 1.189004
2170 1.189122
2171 1.189882
2172 1.188784
2173 1.187740
2174 1.186785
2175 1.186666
2176 1.186280
2177 1.185853
2178 1.184471
2179 1.184578
2180 1.183807
2181 1.184139
2182 1.184975
2183 1.186263
2184 1.186571
2185 1.185527
2186 1.186441
2187 1.186886
2188 1.185871
2189 1.185675
2190 1.186423
2191 1.186868
2192 1.186097
2193 1.185545
2194 1.185361
2195 1.185996
2196 1.186814
2197 1.187224
2198 1.187977
2199 1.188072
2200 1.187817
2201 1.186927
2202 1.186547
2203 1.186785
2204 1.186690
2205 1.187259
2206 1.186720
2207 1.186583
2208 1.186025
2209 1.185563
2210 1.185035
2211 1.184637
2212 1.183658
2213 1.183872
2214 1.184430
2215 1.183611
2216 1.183308
2217 1.183860
2218 1.184566
2219 1.183979
2220 1.184744
2221 1.185153
2222 1.185432
2223 1.185165
2224 1.184655
2225 1.184281
2226 1.184815
2227 1.184791
2228 1.185165
2229 1.186114
2230 1.184382
2231 1.183474
2232 1.184857
2233 1.184762
2234 1.184863
2235 1.184252
2236 1.184323
2237 1.184115
2238 1.184542
2239 1.185260
2240 1.185035
2241 1.183842
2242 1.184892
2243 1.185972
2244 1.185361
2245 1.185640
2246 1.185076
2247 1.185070
2248 1.184851
2249 1.184560
2250 1.184032
2251 1.185806
2252 1.185580
2253 1.184453
2254 1.184910
2255 1.184430
2256 1.184673
2257 1.183913
2258 1.184886
2259 1.185747
2260 1.184661
2261 1.184744
2262 1.185580
2263 1.184975
2264 1.184275
2265 1.183445
2266 1.183059
2267 1.184133
2268 1.184038
2269 1.183641
2270 1.183807
2271 1.184483
2272 1.184708
2273 1.185064
2274 1.184720
2275 1.185391
2276 1.185094
2277 1.186257
2278 1.186002
2279 1.186019
2280 1.186150
2281 1.185586
2282 1.186393
2283 1.186346
2284 1.186055
2285 1.185569
2286 1.186008
2287 1.186951
2288 1.186453
2289 1.186275
2290 1.185118
2291 1.184667
2292 1.184341
2293 1.184252
2294 1.184720
2295 1.184014
2296 1.184044
2297 1.185213
2298 1.185806
2299 1.185741
2300 1.185450
2301 1.186375
2302 1.185901
2303 1.186239
2304 1.185948
2305 1.186168
2306 1.185551
2307 1.185242
2308 1.185930
2309 1.185954
2310 1.185201
2311 1.184174
2312 1.183451
2313 1.182893
2314 1.183445
2315 1.183937
2316 1.183569
2317 1.182964
2318 1.182484
2319 1.182632
2320 1.181778
2321 1.181173
2322 1.181167
2323 1.182057
2324 1.182104
2325 1.181890
2326 1.183480
2327 1.184216
2328 1.183907
2329 1.182300
2330 1.182573
2331 1.182810
2332 1.183041
2333 1.182656
2334 1.182454
2335 1.184287
2336 1.183213
2337 1.183652
2338 1.184216
2339 1.184068
2340 1.183154
2341 1.183445
2342 1.183415
2343 1.183000
2344 1.182923
2345 1.184186
2346 1.184109
2347 1.183670
2348 1.183676
2349 1.182757
2350 1.181962
2351 1.181968
2352 1.183024
2353 1.183623
2354 1.183949
2355 1.183878
2356 1.183991
2357 1.184014
2358 1.184139
2359 1.183884
2360 1.182519
2361 1.182579
2362 1.182306
2363 1.181214
2364 1.181742
2365 1.181825
2366 1.181867
2367 1.183807
2368 1.182869
2369 1.181505
2370 1.182246
2371 1.182596
2372 1.182140
2373 1.182549
2374 1.181890
2375 1.181540
2376 1.181463
2377 1.182223
2378 1.182324
2379 1.182863
2380 1.182567
2381 1.183457
2382 1.183433
2383 1.182852
2384 1.183427
2385 1.184121
2386 1.183682
2387 1.183878
2388 1.183575
2389 1.183267
2390 1.183142
2391 1.182590
2392 1.182863
2393 1.183415
2394 1.184038
2395 1.182626
2396 1.181867
2397 1.181985
2398 1.181244
2399 1.180740
2400 1.181540
2401 1.181879
2402 1.182169
2403 1.182952
2404 1.183296
2405 1.183291
2406 1.184216
2407 1.184418
2408 1.185302
2409 1.185088
2410 1.184524
2411 1.183718
2412 1.183664
2413 1.182875
2414 1.183415
2415 1.182656
2416 1.183676
2417 1.183629
2418 1.182905
2419 1.182507
2420 1.181362
2421 1.181125
2422 1.181659
2423 1.181689
2424 1.181321
2425 1.180093
2426 1.180378
2427 1.179304
2428 1.179387
2429 1.179909
2430 1.179500
2431 1.180805
2432 1.180111
2433 1.180235
2434 1.180075
2435 1.180609
2436 1.180484
2437 1.179826
2438 1.179102
2439 1.179909
2440 1.179440
2441 1.178628
2442 1.179061
2443 1.179980
2444 1.180947
2445 1.181499
2446 1.182365
2447 1.182057
2448 1.182294
2449 1.182252
2450 1.182804
2451 1.181368
2452 1.181647
2453 1.181896
2454 1.181262
2455 1.181179
2456 1.180662
2457 1.180075
2458 1.180128
2459 1.180336
2460 1.179945
2461 1.179761
2462 1.180840
2463 1.181072
2464 1.181748
2465 1.181564
2466 1.180971
2467 1.179808
2468 1.179375
2469 1.179144
2470 1.178734
2471 1.178117
2472 1.177738
2473 1.179387
2474 1.180846
2475 1.182383
2476 1.182068
2477 1.181594
2478 1.182638
2479 1.183160
2480 1.183575
2481 1.184489
2482 1.183724
2483 1.183730
2484 1.183747
2485 1.183237
2486 1.183285
2487 1.183053
2488 1.182211
2489 1.182757
2490 1.182727
2491 1.181807
2492 1.182163
2493 1.182561
2494 1.182929
2495 1.183107
2496 1.182080
2497 1.181712
2498 1.182555
2499 1.181576
2500 1.182347
2501 1.181440
2502 1.181724
2503 1.181778
2504 1.182513
2505 1.182727
2506 1.183468
2507 1.183207
2508 1.184032
2509 1.183996
2510 1.183296
2511 1.184044
2512 1.183006
2513 1.182472
2514 1.182157
2515 1.181119
2516 1.180591
2517 1.180918
2518 1.181398
2519 1.182561
2520 1.181428
2521 1.182490
2522 1.182786
2523 1.182721
2524 1.183937
2525 1.184590
2526 1.184157
2527 1.183771
2528 1.183516
2529 1.184797
2530 1.185064
2531 1.184821
2532 1.184857
2533 1.185812
2534 1.185889
2535 1.185319
2536 1.186215
2537 1.187099
2538 1.187164
2539 1.186975
2540 1.186393
2541 1.186512
2542 1.185925
2543 1.185563
2544 1.185753
2545 1.185610
2546 1.185373
2547 1.184786
2548 1.185165
2549 1.185141
2550 1.185278
2551 1.185082
2552 1.183741
2553 1.183136
2554 1.183504
2555 1.184180
2556 1.184103
2557 1.183463
2558 1.183872
2559 1.182513
2560 1.182318
2561 1.182033
2562 1.182436
2563 1.181956
2564 1.181801
2565 1.182567
2566 1.182490
2567 1.183308
2568 1.184352
2569 1.183646
2570 1.184014
2571 1.183498
2572 1.183445
2573 1.183700
2574 1.183919
2575 1.183243
2576 1.182057
2577 1.180947
2578 1.181374
2579 1.181629
2580 1.180550
2581 1.181119
2582 1.181481
2583 1.181357
2584 1.182347
2585 1.181446
2586 1.183202
2587 1.183047
2588 1.182638
2589 1.182952
2590 1.182045
2591 1.182484
2592 1.183219
2593 1.183658
2594 1.183777
2595 1.183557
2596 1.184311
2597 1.185242
2598 1.184014
2599 1.185201
2600 1.184880
2601 1.185094
2602 1.184928
2603 1.185130
2604 1.184441
2605 1.183919
2606 1.183302
2607 1.183439
2608 1.183029
2609 1.182893
2610 1.182846
2611 1.182211
2612 1.182104
2613 1.181552
2614 1.182122
2615 1.181594
2616 1.182163
2617 1.181481
2618 1.181742
2619 1.181772
2620 1.183095
2621 1.182792
2622 1.181606
2623 1.182015
2624 1.181309
2625 1.182501
2626 1.181707
2627 1.181914
2628 1.182691
2629 1.183166
2630 1.182786
2631 1.181796
2632 1.181712
2633 1.182146
2634 1.181772
2635 1.182051
2636 1.181902
2637 1.181618
2638 1.181837
2639 1.182537
2640 1.182887
2641 1.184240
2642 1.185290
2643 1.184091
2644 1.184619
2645 1.184809
2646 1.184418
2647 1.184186
2648 1.185118
2649 1.185260
2650 1.184874
2651 1.185776
2652 1.185355
2653 1.185260
2654 1.184376
2655 1.184863
2656 1.184637
2657 1.184258
2658 1.183866
2659 1.182620
2660 1.183255
2661 1.183629
2662 1.183516
2663 1.184560
2664 1.183949
2665 1.183213
2666 1.182988
2667 1.181339
2668 1.180959
2669 1.180710
2670 1.181072
2671 1.181932
2672 1.182318
2673 1.182021
2674 1.182045
2675 1.181054
2676 1.181819
2677 1.181552
2678 1.180971
2679 1.181048
2680 1.181256
2681 1.181659
2682 1.181297
2683 1.183160
2684 1.182567
2685 1.181724
2686 1.182407
2687 1.183635
2688 1.183581
2689 1.183498
2690 1.183059
2691 1.183445
2692 1.182134
2693 1.182472
2694 1.182169
2695 1.182163
2696 1.182324
2697 1.182513
2698 1.181914
2699 1.182537
2700 1.182009
2701 1.182561
2702 1.183688
2703 1.182911
2704 1.182359
2705 1.183065
2706 1.182045
2707 1.181629
2708 1.181457
2709 1.181398
2710 1.181137
2711 1.182205
2712 1.182181
2713 1.182146
2714 1.181784
2715 1.182270
2716 1.183101
2717 1.183996
2718 1.184008
2719 1.184477
2720 1.183172
2721 1.182875
2722 1.183178
2723 1.183552
2724 1.183741
2725 1.184358
2726 1.184542
2727 1.184281
2728 1.184412
2729 1.184649
2730 1.184412
2731 1.183943
2732 1.182329
2733 1.182424
2734 1.182318
2735 1.182235
2736 1.182104
2737 1.183178
2738 1.182857
2739 1.182294
2740 1.182917
2741 1.182484
2742 1.181446
2743 1.181493
2744 1.182163
2745 1.182840
2746 1.182205
2747 1.182359
2748 1.181707
2749 1.180698
2750 1.180977
2751 1.181932
2752 1.182413
2753 1.182027
2754 1.182685
2755 1.182235
2756 1.182620
2757 1.182424
2758 1.183012
2759 1.183302
2760 1.183468
2761 1.183759
2762 1.184536
2763 1.183813
2764 1.182852
2765 1.183018
2766 1.182270
2767 1.182252
2768 1.182893
2769 1.183166
2770 1.183196
2771 1.183219
2772 1.182501
2773 1.181790
2774 1.180941
2775 1.180099
2776 1.179879
2777 1.180443
2778 1.180651
2779 1.180627
2780 1.181962
2781 1.182507
2782 1.182039
2783 1.182235
2784 1.181499
2785 1.182104
2786 1.181974
2787 1.181813
2788 1.180253
2789 1.180342
2790 1.181113
2791 1.181451
2792 1.182021
2793 1.182092
2794 1.183320
2795 1.183035
2796 1.182039
2797 1.181238
2798 1.182235
2799 1.181552
2800 1.181618
2801 1.181701
2802 1.182389
2803 1.182543
2804 1.182852
2805 1.182988
2806 1.182478
2807 1.183646
2808 1.183765
2809 1.182484
2810 1.182579
2811 1.182531
2812 1.181659
2813 1.181273
2814 1.180538
2815 1.180823
2816 1.180692
2817 1.180722
2818 1.180716
2819 1.181262
2820 1.181873
2821 1.181262
2822 1.180793
2823 1.181279
2824 1.181155
2825 1.180918
2826 1.181291
2827 1.181119
2828 1.180603
2829 1.180692
2830 1.180852
2831 1.181196
2832 1.181600
2833 1.180662
2834 1.180680
2835 1.181179
2836 1.181434
2837 1.182869
2838 1.182329
2839 1.182923
2840 1.184127
2841 1.184269
2842 1.184809
2843 1.185124
2844 1.185219
2845 1.184958
2846 1.183243
2847 1.183083
2848 1.182306
2849 1.183047
2850 1.181588
2851 1.181481
2852 1.180740
2853 1.181416
2854 1.182697
2855 1.182780
2856 1.183546
2857 1.183113
2858 1.183225
2859 1.182964
2860 1.183332
2861 1.183083
2862 1.183053
2863 1.183113
2864 1.182875
2865 1.183118
2866 1.182501
2867 1.182537
2868 1.183213
2869 1.182377
2870 1.181309
2871 1.181167
2872 1.181244
2873 1.181190
2874 1.180722
2875 1.180751
2876 1.181695
2877 1.181220
2878 1.180633
2879 1.182110
2880 1.181784
2881 1.181588
2882 1.182246
2883 1.182033
2884 1.182294
2885 1.181950
2886 1.181730
2887 1.180775
2888 1.180550
2889 1.181724
2890 1.181202
2891 1.180870
2892 1.180455
2893 1.181647
2894 1.182199
2895 1.182205
2896 1.182430
2897 1.183231
2898 1.183937
2899 1.183866
2900 1.183213
2901 1.183706
2902 1.183285
2903 1.183190
2904 1.183646
2905 1.184275
2906 1.183196
2907 1.183783
2908 1.183943
2909 1.183884
2910 1.183996
2911 1.184548
2912 1.184228
2913 1.183581
2914 1.184097
2915 1.184133
2916 1.183326
2917 1.182134
2918 1.182282
2919 1.182068
2920 1.181463
2921 1.181712
2922 1.181641
2923 1.181801
2924 1.182650
2925 1.184103
2926 1.184074
2927 1.184008
2928 1.183943
2929 1.184952
2930 1.184542
2931 1.184115
2932 1.184275
2933 1.184352
2934 1.183985
2935 1.183249
2936 1.184566
2937 1.185017
2938 1.184916
2939 1.185159
2940 1.184904
2941 1.185029
2942 1.185023
2943 1.186031
2944 1.185818
2945 1.186031
2946 1.185130
2947 1.185118
2948 1.184952
2949 1.184726
2950 1.185225
2951 1.185735
2952 1.185729
2953 1.184014
2954 1.183949
2955 1.184542
2956 1.184999
2957 1.184780
2958 1.184495
2959 1.184803
2960 1.185236
2961 1.185705
2962 1.185675
2963 1.186636
2964 1.186642
2965 1.186091
2966 1.186512
2967 1.187064
2968 1.187147
2969 1.186797
2970 1.187491
2971 1.187627
2972 1.187366
2973 1.188031
2974 1.187414
2975 1.187930
2976 1.187336
2977 1.186180
2978 1.185990
2979 1.185770
2980 1.186856
2981 1.187224
2982 1.186601
2983 1.186085
2984 1.185675
2985 1.185960
2986 1.185758
2987 1.185669
2988 1.185094
2989 1.184791
2990 1.184590
2991 1.186008
2992 1.185100
2993 1.183753
2994 1.183130
2995 1.183522
2996 1.182395
2997 1.183196
2998 1.182881
2999 1.183540
3000 1.183967
