1 1.138328
2 1.117683
3 1.106755
4 1.098877
5 1.094742
6 1.090049
7 1.085742
8 1.081192
9 1.076102
10 1.072133
11 1.067114
12 1.061656
13 1.058079
14 1.054905
15 1.050901
16 1.047994
17 1.045740
18 1.042139
19 1.038490
20 1.035939
21 1.032783
22 1.028696
23 1.027112
24 1.024774
25 1.022104
26 1.020242
27 1.018800
28 1.016777
29 1.015846
30 1.014612
31 1.013757
32 1.013265
33 1.012470
34 1.010661
35 1.010168
36 1.009077
37 1.008780
38 1.008489
39 1.007997
40 1.006567
41 1.006502
42 1.007344
43 1.007516
44 1.007985
45 1.007955
46 1.008044
47 1.008626
48 1.010044
49 1.010346
50 1.010234
51 1.010417
52 1.012452
53 1.014030
54 1.014303
55 1.014944
56 1.015941
57 1.016931
58 1.017940
59 1.018527
60 1.019002
61 1.020277
62 1.021577
63 1.022567
64 1.024080
65 1.025652
66 1.027681
67 1.028440
68 1.030416
69 1.031561
70 1.031229
71 1.032575
72 1.034984
73 1.035737
74 1.036663
75 1.039777
76 1.041444
77 1.043764
78 1.044328
79 1.045929
80 1.047110
81 1.048196
82 1.050041
83 1.051939
84 1.052479
85 1.053855
86 1.055083
87 1.056205
88 1.058085
89 1.059189
90 1.060850
91 1.061983
92 1.063098
93 1.064255
94 1.065418
95 1.066693
96 1.068574
97 1.070603
98 1.071837
99 1.073450
100 1.075313
101 1.076464
102 1.076956
103 1.078635
104 1.079193
105 1.081554
106 1.082652
107 1.084775
108 1.086496
109 1.088525
110 1.090198
111 1.092381
112 1.093170
113 1.093716
114 1.093283
115 1.094291
116 1.094926
117 1.095252
118 1.095940
119 1.098082
120 1.098331
121 1.100532
122 1.100663
123 1.102205
124 1.103665
125 1.103789
126 1.104999
127 1.105806
128 1.107586
129 1.109093
130 1.109935
131 1.111151
132 1.111887
133 1.112273
134 1.113833
135 1.114752
136 1.116117
137 1.116520
138 1.117950
139 1.119694
140 1.119433
141 1.120655
142 1.120448
143 1.122376
144 1.123242
145 1.123675
146 1.124921
147 1.126914
148 1.127614
149 1.129281
150 1.129987
151 1.129423
152 1.130396
153 1.131618
154 1.130515
155 1.131571
156 1.132384
157 1.133606
158 1.134602
159 1.134585
160 1.135380
161 1.136216
162 1.136720
163 1.137658
164 1.138008
165 1.139194
166 1.138963
167 1.139218
168 1.139550
169 1.140820
170 1.140731
171 1.142356
172 1.143086
173 1.142932
174 1.144462
175 1.143928
176 1.144213
177 1.143828
178 1.144658
179 1.145056
180 1.144421
181 1.145767
182 1.147316
183 1.146906
184 1.147304
185 1.147725
186 1.147672
187 1.147666
188 1.147672
189 1.147292
190 1.148858
191 1.148532
192 1.149084
193 1.149683
194 1.149831
195 1.150893
196 1.150858
197 1.150958
198 1.150519
199 1.150662
200 1.150644
201 1.150549
202 1.151130
203 1.150436
204 1.151302
205 1.152993
206 1.152952
207 1.153432
208 1.153236
209 1.152851
210 1.153865
211 1.153343
212 1.153414
213 1.154079
214 1.154198
215 1.153658
216 1.153664
217 1.152388
218 1.152821
219 1.153640
220 1.153646
221 1.154761
222 1.155123
223 1.154553
224 1.155052
225 1.154441
226 1.154945
227 1.154553
228 1.155254
229 1.154530
230 1.155782
231 1.155099
232 1.155698
233 1.156618
234 1.156452
235 1.156416
236 1.157787
237 1.157128
238 1.157816
239 1.157211
240 1.158416
241 1.158244
242 1.158831
243 1.159323
244 1.159988
245 1.160818
246 1.161376
247 1.161874
248 1.161619
249 1.160913
250 1.160836
251 1.160599
252 1.160824
253 1.161228
254 1.160901
255 1.160516
256 1.161411
257 1.161945
258 1.163345
259 1.162616
260 1.162990
261 1.163114
262 1.163731
263 1.163369
264 1.163120
265 1.163957
266 1.165149
267 1.164864
268 1.165208
269 1.164858
270 1.165724
271 1.165677
272 1.165523
273 1.166134
274 1.166033
275 1.165855
276 1.166104
277 1.166496
278 1.167552
279 1.167991
280 1.168097
281 1.167113
282 1.166484
283 1.167184
284 1.167101
285 1.166780
286 1.166324
287 1.165736
288 1.165232
289 1.164977
290 1.165772
291 1.165493
292 1.166330
293 1.165979
294 1.166413
295 1.166994
296 1.167890
297 1.168685
298 1.168240
299 1.168406
300 1.168786
301 1.168827
302 1.168738
303 1.167694
304 1.168768
305 1.169219
306 1.170595
307 1.170856
308 1.169847
309 1.169681
310 1.169782
311 1.169824
312 1.170589
313 1.171093
314 1.171859
315 1.172737
316 1.173472
317 1.172808
318 1.172333
319 1.173265
320 1.173342
321 1.172659
322 1.172333
323 1.172440
324 1.172903
325 1.173360
326 1.173793
327 1.172446
328 1.172998
329 1.172921
330 1.172203
331 1.172197
332 1.172476
333 1.173027
334 1.172956
335 1.172357
336 1.172078
337 1.172120
338 1.172351
339 1.171758
340 1.170393
341 1.170915
342 1.171325
343 1.170405
344 1.169545
345 1.170126
346 1.170494
347 1.171188
348 1.170767
349 1.171562
350 1.171236
351 1.172131
352 1.172648
353 1.172131
354 1.172226
355 1.172102
356 1.172280
357 1.172037
358 1.173015
359 1.172754
360 1.173324
361 1.174332
362 1.173205
363 1.173081
364 1.172796
365 1.171752
366 1.170826
367 1.169195
368 1.167599
369 1.168240
370 1.168358
371 1.168857
372 1.169450
373 1.168614
374 1.168756
375 1.170761
376 1.170761
377 1.171378
378 1.172220
379 1.171942
380 1.171633
381 1.172286
382 1.173027
383 1.172665
384 1.172790
385 1.173140
386 1.173217
387 1.173282
388 1.173882
389 1.173549
390 1.173567
391 1.174042
392 1.175311
393 1.174973
394 1.174427
395 1.174866
396 1.175347
397 1.174694
398 1.174540
399 1.174938
400 1.174843
401 1.176005
402 1.175608
403 1.175555
404 1.175216
405 1.174872
406 1.175988
407 1.174967
408 1.175715
409 1.176041
410 1.176290
411 1.176919
412 1.177886
413 1.178070
414 1.178367
415 1.177945
416 1.176741
417 1.175685
418 1.176213
419 1.175572
420 1.175323
421 1.175365
422 1.175555
423 1.176124
424 1.176794
425 1.176041
426 1.176640
427 1.177382
428 1.177755
429 1.178129
430 1.180271
431 1.180158
432 1.180401
433 1.180615
434 1.179962
435 1.180004
436 1.179245
437 1.180330
438 1.179885
439 1.179553
440 1.180152
441 1.179488
442 1.179796
443 1.179120
444 1.178396
445 1.177862
446 1.177429
447 1.177293
448 1.177572
449 1.177536
450 1.177696
451 1.178705
452 1.179215
453 1.179660
454 1.179055
455 1.177607
456 1.177245
457 1.176860
458 1.178331
459 1.178058
460 1.178865
461 1.178473
462 1.178378
463 1.179167
464 1.179713
465 1.179423
466 1.179339
467 1.179126
468 1.179933
469 1.179494
470 1.179369
471 1.179927
472 1.179725
473 1.179541
474 1.180040
475 1.180366
476 1.179583
477 1.179968
478 1.180680
479 1.179547
480 1.179879
481 1.179832
482 1.179790
483 1.179595
484 1.179440
485 1.180289
486 1.179956
487 1.178841
488 1.178645
489 1.178586
490 1.178895
491 1.179268
492 1.179701
493 1.181143
494 1.180544
495 1.179838
496 1.180312
497 1.180271
498 1.179292
499 1.179345
500 1.178717
501 1.178355
502 1.179701
503 1.180306
504 1.179405
505 1.178942
506 1.178384
507 1.177803
508 1.177987
509 1.177951
510 1.176895
511 1.176747
512 1.175863
513 1.175887
514 1.175709
515 1.175721
516 1.176041
517 1.176759
518 1.177370
519 1.177050
520 1.177791
521 1.178111
522 1.178313
523 1.177429
524 1.177239
525 1.177779
526 1.178426
527 1.178343
528 1.177874
529 1.177844
530 1.177696
531 1.177696
532 1.179274
533 1.179790
534 1.180200
535 1.180069
536 1.179150
537 1.178396
538 1.178711
539 1.179399
540 1.178562
541 1.178693
542 1.179167
543 1.179322
544 1.179885
545 1.179304
546 1.180028
547 1.180615
548 1.179387
549 1.178687
550 1.179862
551 1.180146
552 1.180283
553 1.181054
554 1.181048
555 1.180419
556 1.180010
557 1.178806
558 1.179102
559 1.179998
560 1.180455
561 1.179951
562 1.179778
563 1.178859
564 1.178028
565 1.179328
566 1.178266
567 1.178414
568 1.178485
569 1.178224
570 1.177939
571 1.178337
572 1.178746
573 1.179055
574 1.178634
575 1.178972
576 1.178770
577 1.178616
578 1.179120
579 1.179547
580 1.178420
581 1.178639
582 1.177761
583 1.177026
584 1.177856
585 1.176771
586 1.177299
587 1.177186
588 1.176563
589 1.176563
590 1.176545
591 1.177316
592 1.177815
593 1.177376
594 1.177542
595 1.177441
596 1.178254
597 1.178580
598 1.178610
599 1.179090
600 1.179399
601 1.179992
602 1.180283
603 1.179891
604 1.179784
605 1.180336
606 1.180520
607 1.180894
608 1.179523
609 1.178895
610 1.178675
611 1.178960
612 1.179179
613 1.179434
614 1.180028
615 1.180532
616 1.180532
617 1.180212
618 1.180170
619 1.179879
620 1.180502
621 1.179974
622 1.179749
623 1.179814
624 1.180265
625 1.181137
626 1.181558
627 1.181428
628 1.181143
629 1.180431
630 1.180449
631 1.179933
632 1.179428
633 1.178372
634 1.178948
635 1.177655
636 1.177560
637 1.177210
638 1.177334
639 1.177625
640 1.177738
641 1.177471
642 1.176088
643 1.176818
644 1.176438
645 1.176231
646 1.174979
647 1.175068
648 1.175175
649 1.175068
650 1.176616
651 1.177079
652 1.177696
653 1.177833
654 1.177322
655 1.175816
656 1.176083
657 1.174623
658 1.175104
659 1.176338
660 1.176077
661 1.176729
662 1.177002
663 1.176818
664 1.177465
665 1.177459
666 1.177198
667 1.177714
668 1.178064
669 1.178295
670 1.178349
671 1.178218
672 1.177079
673 1.177465
674 1.178794
675 1.178746
676 1.178230
677 1.179197
678 1.180140
679 1.179790
680 1.179624
681 1.179666
682 1.180277
683 1.180668
684 1.180591
685 1.180034
686 1.178645
687 1.178307
688 1.177779
689 1.177109
690 1.177044
691 1.177435
692 1.176160
693 1.176261
694 1.176053
695 1.175744
696 1.176634
697 1.176901
698 1.176842
699 1.178283
700 1.177815
701 1.177038
702 1.176872
703 1.176676
704 1.175317
705 1.176605
706 1.175050
707 1.175566
708 1.176504
709 1.177388
710 1.176925
711 1.177862
712 1.177732
713 1.178906
714 1.178966
715 1.178722
716 1.178835
717 1.179601
718 1.180164
719 1.181902
720 1.182205
721 1.180781
722 1.180864
723 1.181143
724 1.180769
725 1.180437
726 1.179013
727 1.177963
728 1.177702
729 1.177518
730 1.177370
731 1.177993
732 1.177174
733 1.177489
734 1.177293
735 1.177405
736 1.178823
737 1.179452
738 1.179090
739 1.178278
740 1.178361
741 1.179179
742 1.178639
743 1.179411
744 1.179464
745 1.178527
746 1.178349
747 1.177583
748 1.177583
749 1.177447
750 1.178450
751 1.178325
752 1.179108
753 1.177560
754 1.176984
755 1.177524
756 1.177720
757 1.178823
758 1.179108
759 1.179909
760 1.179606
761 1.180704
762 1.179648
763 1.180573
764 1.180680
765 1.180941
766 1.180615
767 1.181493
768 1.181481
769 1.181054
770 1.180425
771 1.181392
772 1.180787
773 1.180692
774 1.181220
775 1.179642
776 1.178331
777 1.177791
778 1.177435
779 1.176866
780 1.176676
781 1.175774
782 1.175121
783 1.174635
784 1.175222
785 1.175157
786 1.176302
787 1.175519
788 1.175584
789 1.177115
790 1.178408
791 1.178254
792 1.178444
793 1.178313
794 1.177281
795 1.177174
796 1.177358
797 1.177655
798 1.178711
799 1.178402
800 1.178687
801 1.177625
802 1.177162
803 1.177957
804 1.178693
805 1.180158
806 1.180217
807 1.179844
808 1.179084
809 1.178355
810 1.178918
811 1.179167
812 1.180099
813 1.179411
814 1.178604
815 1.177928
816 1.178782
817 1.178556
818 1.178396
819 1.178301
820 1.178592
821 1.178562
822 1.178859
823 1.179956
824 1.180271
825 1.179933
826 1.179761
827 1.179707
828 1.179660
829 1.179535
830 1.179867
831 1.180656
832 1.180455
833 1.179274
834 1.179156
835 1.178307
836 1.177435
837 1.178028
838 1.178254
839 1.178432
840 1.178467
841 1.178515
842 1.178011
843 1.178616
844 1.178082
845 1.177637
846 1.178064
847 1.177156
848 1.177471
849 1.177429
850 1.178384
851 1.179245
852 1.178811
853 1.179061
854 1.179209
855 1.179666
856 1.180200
857 1.180496
858 1.180621
859 1.180900
860 1.180134
861 1.180805
862 1.180651
863 1.180775
864 1.180799
865 1.180894
866 1.180117
867 1.180235
868 1.181380
869 1.181481
870 1.181321
871 1.181084
872 1.180651
873 1.180372
874 1.179185
875 1.179767
876 1.178450
877 1.178604
878 1.179019
879 1.179755
880 1.179862
881 1.179820
882 1.178634
883 1.178503
884 1.178367
885 1.177963
886 1.178414
887 1.178995
888 1.179310
889 1.179838
890 1.179974
891 1.180965
892 1.181155
893 1.180846
894 1.180289
895 1.179262
896 1.178669
897 1.178372
898 1.178823
899 1.178634
900 1.178278
901 1.178076
902 1.178776
903 1.179304
904 1.179684
905 1.179203
906 1.179150
907 1.179488
908 1.179601
909 1.178414
910 1.177156
911 1.177933
912 1.177322
913 1.177643
914 1.178384
915 1.177850
916 1.176913
917 1.176551
918 1.176308
919 1.177376
920 1.178076
921 1.177951
922 1.178040
923 1.179078
924 1.179262
925 1.178663
926 1.178456
927 1.178022
928 1.178378
929 1.178473
930 1.178088
931 1.177489
932 1.176539
933 1.177797
934 1.177678
935 1.178147
936 1.180668
937 1.180900
938 1.179773
939 1.179078
940 1.179838
941 1.179055
942 1.178954
943 1.179440
944 1.179482
945 1.178776
946 1.177607
947 1.177127
948 1.177002
949 1.177186
950 1.175916
951 1.176207
952 1.176794
953 1.175667
954 1.176409
955 1.177156
956 1.176937
957 1.176836
958 1.178141
959 1.178165
960 1.177643
961 1.176533
962 1.177032
963 1.179132
964 1.179286
965 1.179179
966 1.178367
967 1.179138
968 1.179298
969 1.179879
970 1.180573
971 1.180443
972 1.180283
973 1.179512
974 1.179512
975 1.179173
976 1.178859
977 1.178663
978 1.179114
979 1.178930
980 1.179078
981 1.178349
982 1.178177
983 1.179345
984 1.179541
985 1.180811
986 1.181885
987 1.180419
988 1.180490
989 1.180740
990 1.181190
991 1.181167
992 1.181155
993 1.180757
994 1.179962
995 1.178924
996 1.178017
997 1.177601
998 1.178794
999 1.178580
1000 1.178574
1001 1.177518
1002 1.177257
1003 1.176717
1004 1.177411
1005 1.178177
1006 1.177346
1007 1.177862
1008 1.177370
1009 1.177251
1010 1.178022
1011 1.179049
1012 1.177963
1013 1.179067
1014 1.178574
1015 1.179381
1016 1.179642
1017 1.178515
1018 1.177103
1019 1.176788
1020 1.177720
1021 1.176919
1022 1.177429
1023 1.177435
1024 1.178034
1025 1.178521
1026 1.179814
1027 1.180354
1028 1.181054
1029 1.180692
1030 1.180206
1031 1.180686
1032 1.181042
1033 1.181042
1034 1.180128
1035 1.179138
1036 1.179078
1037 1.177328
1038 1.177400
1039 1.177275
1040 1.177797
1041 1.178473
1042 1.178906
1043 1.178877
1044 1.179161
1045 1.179423
1046 1.179784
1047 1.179304
1048 1.178978
1049 1.178283
1050 1.177868
1051 1.178100
1052 1.178100
1053 1.178378
1054 1.177797
1055 1.177750
1056 1.177204
1057 1.176723
1058 1.177447
1059 1.177744
1060 1.177435
1061 1.177672
1062 1.177477
1063 1.178705
1064 1.178278
1065 1.178147
1066 1.177856
1067 1.178088
1068 1.178242
1069 1.177732
1070 1.177690
1071 1.178372
1072 1.177690
1073 1.177494
1074 1.176094
1075 1.176183
1076 1.176023
1077 1.175750
1078 1.176053
1079 1.175151
1080 1.174653
1081 1.174825
1082 1.174605
1083 1.175228
1084 1.174712
1085 1.174617
1086 1.174487
1087 1.174451
1088 1.174819
1089 1.175080
1090 1.175910
1091 1.176237
1092 1.176183
1093 1.176551
1094 1.177601
1095 1.177198
1096 1.177779
1097 1.178177
1098 1.178017
1099 1.178859
1100 1.180473
1101 1.181036
1102 1.182923
1103 1.182324
1104 1.181244
1105 1.180876
1106 1.180858
1107 1.179945
1108 1.179363
1109 1.178200
1110 1.178183
1111 1.178301
1112 1.178206
1113 1.177382
1114 1.177073
1115 1.178005
1116 1.178111
1117 1.179019
1118 1.179571
1119 1.179956
1120 1.178586
1121 1.179535
1122 1.178859
1123 1.179043
1124 1.179458
1125 1.179553
1126 1.179767
1127 1.179571
1128 1.180105
1129 1.181238
1130 1.180692
1131 1.180253
1132 1.180508
1133 1.179191
1134 1.179233
1135 1.178841
1136 1.178918
1137 1.179262
1138 1.179102
1139 1.178699
1140 1.178734
1141 1.178794
1142 1.179120
1143 1.178900
1144 1.178788
1145 1.178432
1146 1.177589
1147 1.177239
1148 1.176551
1149 1.176949
1150 1.177322
1151 1.177334
1152 1.176605
1153 1.175946
1154 1.176314
1155 1.175863
1156 1.176545
1157 1.176777
1158 1.176812
1159 1.176112
1160 1.176812
1161 1.176005
1162 1.176290
1163 1.176415
1164 1.176397
1165 1.176005
1166 1.176272
1167 1.175804
1168 1.176118
1169 1.175851
1170 1.177281
1171 1.177281
1172 1.177281
1173 1.177281
1174 1.177281
