1 1.138328
2 1.117825
3 1.106993
4 1.099049
5 1.095288
6 1.090660
7 1.086081
8 1.081435
9 1.076233
10 1.071712
11 1.066266
12 1.060672
13 1.057409
14 1.053042
15 1.049697
16 1.046440
17 1.043266
18 1.039226
19 1.035441
20 1.032071
21 1.029229
22 1.026524
23 1.024644
24 1.022941
25 1.021072
26 1.019174
27 1.017246
28 1.015478
29 1.013324
30 1.012025
31 1.010293
32 1.009990
33 1.010204
34 1.009474
35 1.009492
36 1.008994
37 1.009095
38 1.008282
39 1.009023
40 1.008365
41 1.007795
42 1.007932
43 1.009213
44 1.008982
45 1.009118
46 1.009557
47 1.009011
48 1.009136
49 1.009427
50 1.010364
51 1.011497
52 1.012879
53 1.013698
54 1.014357
55 1.015721
56 1.015567
57 1.017703
58 1.019115
59 1.020633
60 1.021760
61 1.023333
62 1.025652
63 1.026975
64 1.027758
65 1.028233
66 1.028630
67 1.030102
68 1.031424
69 1.033086
70 1.034349
71 1.036835
72 1.037624
73 1.039938
74 1.039872
75 1.042429
76 1.042833
77 1.044636
78 1.046819
79 1.049323
80 1.051227
81 1.052698
82 1.053855
83 1.055546
84 1.057468
85 1.058643
86 1.060339
87 1.061870
88 1.062813
89 1.063685
90 1.065720
91 1.067168
92 1.068135
93 1.070235
94 1.071457
95 1.074073
96 1.075740
97 1.076482
98 1.078060
99 1.078410
100 1.079472
101 1.080617
102 1.083156
103 1.083915
104 1.085013
105 1.086395
106 1.086413
107 1.088015
108 1.090026
109 1.089907
110 1.090536
111 1.090969
112 1.091746
113 1.092891
114 1.093401
115 1.094825
116 1.096605
117 1.097370
118 1.099767
119 1.100989
120 1.101606
121 1.103231
122 1.103789
123 1.104394
124 1.106168
125 1.107710
126 1.109686
127 1.109852
128 1.111246
129 1.112599
130 1.113329
131 1.113524
132 1.114954
133 1.115974
134 1.116680
135 1.118039
136 1.119522
137 1.120311
138 1.120436
139 1.119344
140 1.118454
141 1.118614
142 1.118781
143 1.119795
144 1.120412
145 1.119991
146 1.119403
147 1.120376
148 1.122091
149 1.123301
150 1.124488
151 1.125170
152 1.126766
153 1.127430
154 1.127590
155 1.128783
156 1.129263
157 1.128356
158 1.130159
159 1.129756
160 1.130930
161 1.132781
162 1.134644
163 1.135860
164 1.136975
165 1.138512
166 1.139040
167 1.139977
168 1.141787
169 1.141805
170 1.141769
171 1.141502
172 1.141573
173 1.141259
174 1.141704
175 1.141051
176 1.141526
177 1.141561
178 1.141692
179 1.142113
180 1.142861
181 1.143495
182 1.144083
183 1.145441
184 1.145388
185 1.145483
186 1.144243
187 1.144563
188 1.144587
189 1.145334
190 1.145382
191 1.145067
192 1.145821
193 1.146254
194 1.145785
195 1.146895
196 1.145702
197 1.146770
198 1.146628
199 1.148194
200 1.147998
201 1.148384
202 1.148247
203 1.148348
204 1.147844
205 1.149434
206 1.150033
207 1.150597
208 1.151475
209 1.151878
210 1.152062
211 1.153575
212 1.154251
213 1.153972
214 1.153658
215 1.154417
216 1.153794
217 1.154014
218 1.155437
219 1.155621
220 1.156357
221 1.156215
222 1.157852
223 1.157217
224 1.156974
225 1.157229
226 1.156588
227 1.156701
228 1.156310
229 1.157371
230 1.157745
231 1.157668
232 1.157745
233 1.157271
234 1.157876
235 1.158623
236 1.159531
237 1.159911
238 1.159988
239 1.161216
240 1.161067
241 1.161578
242 1.162088
243 1.162384
244 1.162307
245 1.162954
246 1.162331
247 1.162011
248 1.162788
249 1.162272
250 1.162734
251 1.162954
252 1.164182
253 1.163832
254 1.163779
255 1.163417
256 1.163660
257 1.163992
258 1.165440
259 1.165754
260 1.165932
261 1.167362
262 1.167433
263 1.166371
264 1.167338
265 1.167053
266 1.167433
267 1.167700
268 1.167824
269 1.167700
270 1.167777
271 1.169717
272 1.170453
273 1.170524
274 1.170103
275 1.170192
276 1.169699
277 1.170364
278 1.170150
279 1.169468
280 1.168916
281 1.169889
282 1.169450
283 1.169159
284 1.168643
285 1.168726
286 1.168459
287 1.167611
288 1.166881
289 1.166401
290 1.166857
291 1.166994
292 1.166917
293 1.166217
294 1.166276
295 1.165499
296 1.164894
297 1.165226
298 1.165036
299 1.164900
300 1.165588
301 1.165096
302 1.164923
303 1.164971
304 1.164817
305 1.165475
306 1.167006
307 1.167160
308 1.167913
309 1.168679
310 1.168946
311 1.169147
312 1.168317
313 1.168631
314 1.169011
315 1.168329
316 1.169871
317 1.170221
318 1.170381
319 1.169426
320 1.169397
321 1.167896
322 1.166988
323 1.167089
324 1.166739
325 1.166152
326 1.165451
327 1.166241
328 1.166840
329 1.167931
330 1.166739
331 1.166466
332 1.167089
333 1.167380
334 1.168263
335 1.170233
336 1.171319
337 1.170079
338 1.170886
339 1.171271
340 1.170862
341 1.170120
342 1.170370
343 1.170933
344 1.170992
345 1.171390
346 1.173271
347 1.175074
348 1.174154
349 1.174018
350 1.174611
351 1.174089
352 1.173294
353 1.172499
354 1.173354
355 1.173905
356 1.174421
357 1.174866
358 1.175572
359 1.175282
360 1.176670
361 1.175910
362 1.174653
363 1.174303
364 1.174077
365 1.173389
366 1.173395
367 1.173638
368 1.174327
369 1.175015
370 1.175786
371 1.175738
372 1.176349
373 1.176664
374 1.177269
375 1.177311
376 1.176605
377 1.176296
378 1.176183
379 1.176148
380 1.174837
381 1.174967
382 1.175038
383 1.177856
384 1.177293
385 1.178159
386 1.177572
387 1.178034
388 1.176913
389 1.175827
390 1.176397
391 1.175928
392 1.176462
393 1.177779
394 1.177174
395 1.177299
396 1.177821
397 1.177459
398 1.177554
399 1.176800
400 1.177340
401 1.176498
402 1.177364
403 1.177916
404 1.179001
405 1.179601
406 1.179986
407 1.179986
408 1.178936
409 1.178906
410 1.179553
411 1.180223
412 1.180728
413 1.179802
414 1.179666
415 1.179820
416 1.178853
417 1.177684
418 1.177643
419 1.177388
420 1.176533
421 1.175341
422 1.175430
423 1.175424
424 1.175822
425 1.175531
426 1.175050
427 1.175377
428 1.175905
429 1.176243
430 1.177257
431 1.177595
432 1.176747
433 1.176166
434 1.176753
435 1.176302
436 1.176866
437 1.176996
438 1.177186
439 1.177969
440 1.178906
441 1.179417
442 1.179713
443 1.179980
444 1.180123
445 1.178669
446 1.178657
447 1.178313
448 1.177945
449 1.177785
450 1.177554
451 1.176533
452 1.177228
453 1.176231
454 1.176468
455 1.176877
456 1.177661
457 1.177370
458 1.177939
459 1.178242
460 1.177518
461 1.177607
462 1.178123
463 1.178278
464 1.178461
465 1.177904
466 1.178165
467 1.178396
468 1.178384
469 1.178040
470 1.178088
471 1.178082
472 1.177489
473 1.177150
474 1.177572
475 1.177251
476 1.177079
477 1.176438
478 1.176308
479 1.176800
480 1.176628
481 1.176249
482 1.176172
483 1.175833
484 1.174665
485 1.174516
486 1.175169
487 1.174172
488 1.173241
489 1.172499
490 1.172137
491 1.172547
492 1.171942
493 1.172232
494 1.171870
495 1.172321
496 1.172381
497 1.172683
498 1.172256
499 1.172873
500 1.172381
501 1.172422
502 1.173217
503 1.173069
504 1.173164
505 1.172748
506 1.172161
507 1.171948
508 1.171870
509 1.172309
510 1.172772
511 1.172654
512 1.172416
513 1.173644
514 1.173816
515 1.173994
516 1.174576
517 1.174386
518 1.174576
519 1.174860
520 1.175193
521 1.175021
522 1.176106
523 1.176842
524 1.176385
525 1.176136
526 1.175875
527 1.176462
528 1.177702
529 1.177097
530 1.175922
531 1.176705
532 1.175774
533 1.177518
534 1.177067
535 1.176824
536 1.176023
537 1.175578
538 1.177180
539 1.177198
540 1.177364
541 1.178034
542 1.178485
543 1.178450
544 1.179719
545 1.179601
546 1.179345
547 1.179043
548 1.179743
549 1.179583
550 1.180140
551 1.179256
552 1.178450
553 1.178669
554 1.178995
555 1.178711
556 1.178657
557 1.177619
558 1.177560
559 1.177050
560 1.177340
561 1.177222
562 1.176527
563 1.176433
564 1.175614
565 1.175715
566 1.174149
567 1.174154
568 1.174599
569 1.174249
570 1.173982
571 1.173745
572 1.173330
573 1.173152
574 1.174404
575 1.174635
576 1.175430
577 1.174309
578 1.174534
579 1.173727
580 1.173122
581 1.173015
582 1.173241
583 1.174712
584 1.174125
585 1.174243
586 1.175216
587 1.175661
588 1.175857
589 1.176314
590 1.177192
591 1.176842
592 1.176397
593 1.176053
594 1.176142
595 1.176249
596 1.176338
597 1.175964
598 1.175602
599 1.175163
600 1.175916
601 1.175845
602 1.175555
603 1.175655
604 1.175709
605 1.176504
606 1.176527
607 1.175507
608 1.175288
609 1.175667
610 1.176124
611 1.175833
612 1.175246
613 1.174481
614 1.174979
615 1.174659
616 1.174404
617 1.173959
618 1.174433
619 1.174777
620 1.175270
621 1.174445
622 1.174463
623 1.175074
624 1.174593
625 1.174451
626 1.175430
627 1.175424
628 1.174516
629 1.175329
630 1.174878
631 1.175922
632 1.175727
633 1.175531
634 1.174599
635 1.174754
636 1.175151
637 1.174736
638 1.174754
639 1.174843
640 1.173193
641 1.172582
642 1.172648
643 1.172060
644 1.172582
645 1.172114
646 1.171965
647 1.172529
648 1.172938
649 1.172268
650 1.173982
651 1.173715
652 1.173959
653 1.174392
654 1.174718
655 1.174226
656 1.175050
657 1.175175
658 1.176723
659 1.176041
660 1.175246
661 1.175727
662 1.175222
663 1.175466
664 1.174843
665 1.175353
666 1.175015
667 1.175436
668 1.176041
669 1.176083
670 1.176848
671 1.178064
672 1.178100
673 1.178171
674 1.178052
675 1.179150
676 1.179606
677 1.179304
678 1.178183
679 1.179067
680 1.178984
681 1.179061
682 1.178966
683 1.179084
684 1.178906
685 1.179322
686 1.178989
687 1.178895
688 1.179784
689 1.179500
690 1.178835
691 1.179025
692 1.180152
693 1.180751
694 1.180443
695 1.179268
696 1.179565
697 1.180028
698 1.180164
699 1.181012
700 1.181653
701 1.181991
702 1.181161
703 1.181327
704 1.179968
705 1.180330
706 1.179743
707 1.178349
708 1.178420
709 1.179517
710 1.180437
711 1.179808
712 1.179648
713 1.179351
714 1.179784
715 1.179903
716 1.179209
717 1.178817
718 1.179405
719 1.179428
720 1.178681
721 1.177038
722 1.176628
723 1.176100
724 1.175632
725 1.176029
726 1.176249
727 1.177038
728 1.176783
729 1.175952
730 1.176172
731 1.176516
732 1.176913
733 1.175934
734 1.176682
735 1.177483
736 1.176961
737 1.176741
738 1.177613
739 1.177020
740 1.175709
741 1.174605
742 1.174030
743 1.174077
744 1.174973
745 1.175655
746 1.176083
747 1.175246
748 1.175282
749 1.175044
750 1.175288
751 1.175074
752 1.175697
753 1.175756
754 1.175566
755 1.175074
756 1.175863
757 1.175608
758 1.176599
759 1.176943
760 1.176361
761 1.177198
762 1.176741
763 1.176290
764 1.176249
765 1.175460
766 1.175792
767 1.175258
768 1.174065
769 1.174849
770 1.174380
771 1.174291
772 1.174261
773 1.174410
774 1.174410
775 1.173460
776 1.173253
777 1.172885
778 1.172357
779 1.172114
780 1.172256
781 1.172683
782 1.172974
783 1.173650
784 1.174220
785 1.174107
786 1.175139
787 1.175970
788 1.176741
789 1.176587
790 1.176569
791 1.176854
792 1.177210
793 1.177411
794 1.177785
795 1.177821
796 1.178539
797 1.179387
798 1.179393
799 1.178883
800 1.179191
801 1.178717
802 1.178639
803 1.178776
804 1.179363
805 1.180051
806 1.179624
807 1.179428
808 1.179262
809 1.178895
810 1.178313
811 1.178817
812 1.179001
813 1.177886
814 1.178177
815 1.178657
816 1.179084
817 1.179239
818 1.180004
819 1.180111
820 1.179393
821 1.179577
822 1.179423
823 1.179933
824 1.179328
825 1.179541
826 1.179725
827 1.179061
828 1.178912
829 1.178372
830 1.178669
831 1.177999
832 1.178372
833 1.179126
834 1.178806
835 1.178236
836 1.178046
837 1.178450
838 1.178853
839 1.179078
840 1.179102
841 1.178995
842 1.178728
843 1.178313
844 1.178171
845 1.176990
846 1.177536
847 1.178788
848 1.178746
849 1.179808
850 1.180378
851 1.180573
852 1.180490
853 1.180912
854 1.179049
855 1.179286
856 1.179630
857 1.180040
858 1.178877
859 1.178776
860 1.178248
861 1.178705
862 1.178752
863 1.179256
864 1.178503
865 1.177358
866 1.177554
867 1.178811
868 1.178918
869 1.178017
870 1.177465
871 1.177702
872 1.177714
873 1.178906
874 1.179986
875 1.179660
876 1.179245
877 1.178817
878 1.178622
879 1.178829
880 1.179096
881 1.179541
882 1.179523
883 1.179310
884 1.179755
885 1.178734
886 1.178438
887 1.178918
888 1.179037
889 1.178960
890 1.179535
891 1.179755
892 1.180674
893 1.180846
894 1.181137
895 1.180728
896 1.181030
897 1.180544
898 1.179820
899 1.179595
900 1.178734
901 1.178088
902 1.178135
903 1.179025
904 1.178746
905 1.178871
906 1.179630
907 1.178770
908 1.179743
909 1.180550
910 1.180372
911 1.179755
912 1.180431
913 1.180823
914 1.181030
915 1.180763
916 1.179862
917 1.181979
918 1.183219
919 1.183492
920 1.182881
921 1.182567
922 1.182151
923 1.181837
924 1.180128
925 1.180431
926 1.181315
927 1.180081
928 1.178788
929 1.179357
930 1.179577
931 1.180188
932 1.180479
933 1.181351
934 1.180502
935 1.179784
936 1.180235
937 1.180295
938 1.180514
939 1.179547
940 1.180277
941 1.180117
942 1.180722
943 1.179873
944 1.179802
945 1.180461
946 1.179666
947 1.180069
948 1.180277
949 1.180437
950 1.181582
951 1.180455
952 1.179458
953 1.179239
954 1.179482
955 1.178800
956 1.179090
957 1.177358
958 1.177079
959 1.177477
960 1.178230
961 1.178989
962 1.177726
963 1.177975
964 1.178402
965 1.178361
966 1.178634
967 1.179405
968 1.179007
969 1.178533
970 1.179678
971 1.179411
972 1.179998
973 1.180817
974 1.180508
975 1.181309
976 1.180550
977 1.180395
978 1.181113
979 1.179933
980 1.179405
981 1.179339
982 1.177566
983 1.178699
984 1.178758
985 1.179132
