1 1.163553
2 1.149659
3 1.141449
4 1.134146
5 1.128623
6 1.123135
7 1.117920
8 1.112249
9 1.106838
10 1.101861
11 1.095893
12 1.089551
13 1.084147
14 1.079501
15 1.074821
16 1.069790
17 1.066343
18 1.061674
19 1.056483
20 1.053481
21 1.049655
22 1.045490
23 1.042489
24 1.038864
25 1.035571
26 1.032842
27 1.030007
28 1.028286
29 1.027218
30 1.024448
31 1.022413
32 1.020693
33 1.019162
34 1.017204
35 1.015502
36 1.014398
37 1.012114
38 1.010750
39 1.010002
40 1.008976
41 1.007961
42 1.007469
43 1.005375
44 1.004432
45 1.004467
46 1.005452
47 1.006277
48 1.006633
49 1.008335
50 1.008329
51 1.008128
52 1.008288
53 1.008572
54 1.008614
55 1.009682
56 1.009569
57 1.010014
58 1.011224
59 1.011901
60 1.011112
61 1.011752
62 1.012316
63 1.013526
64 1.013983
65 1.015751
66 1.016409
67 1.018830
68 1.019275
69 1.021250
70 1.023202
71 1.022988
72 1.023333
73 1.023985
74 1.025201
75 1.025848
76 1.025795
77 1.026198
78 1.027307
79 1.028868
80 1.029668
81 1.031134
82 1.031982
83 1.033786
84 1.034284
85 1.035275
86 1.036586
87 1.038727
88 1.040127
89 1.041421
90 1.042180
91 1.042690
92 1.044007
93 1.044986
94 1.046570
95 1.048801
96 1.049602
97 1.050681
98 1.052218
99 1.053025
100 1.054887
101 1.057166
102 1.057569
103 1.059022
104 1.060749
105 1.061348
106 1.063015
107 1.063976
108 1.065542
109 1.065975
110 1.067340
111 1.068568
112 1.070241
113 1.071546
114 1.072228
115 1.072857
116 1.074162
117 1.075533
118 1.077158
119 1.078155
120 1.079193
121 1.079614
122 1.081863
123 1.083992
124 1.085197
125 1.086686
126 1.086324
127 1.087558
128 1.088098
129 1.088715
130 1.089646
131 1.090981
132 1.091574
133 1.092250
134 1.094244
135 1.094807
136 1.095822
137 1.096018
138 1.097952
139 1.098883
140 1.100200
141 1.099749
142 1.101713
143 1.102798
144 1.103884
145 1.103943
146 1.105011
147 1.106583
148 1.107740
149 1.107746
150 1.108025
151 1.108191
152 1.109550
153 1.111211
154 1.112053
155 1.113050
156 1.114029
157 1.114859
158 1.115055
159 1.115939
160 1.116052
161 1.116099
162 1.116218
163 1.116651
164 1.117701
165 1.117072
166 1.117819
167 1.118336
168 1.118460
169 1.118537
170 1.118804
171 1.119024
172 1.120803
173 1.120928
174 1.121094
175 1.122429
176 1.121854
177 1.121972
178 1.123165
179 1.122892
180 1.123610
181 1.123871
182 1.124559
183 1.125318
184 1.126214
185 1.125793
186 1.125644
187 1.125615
188 1.126967
189 1.127519
190 1.127246
191 1.127745
192 1.127525
193 1.128023
194 1.127940
195 1.127513
196 1.128225
197 1.128735
198 1.129287
199 1.131399
200 1.132562
201 1.132063
202 1.132532
203 1.133357
204 1.133920
205 1.135534
206 1.136726
207 1.138109
208 1.137990
209 1.139200
210 1.139443
211 1.139254
212 1.140304
213 1.140250
214 1.140873
215 1.141033
216 1.142303
217 1.142362
218 1.141805
219 1.141146
220 1.141692
221 1.141223
222 1.142700
223 1.142546
224 1.143869
225 1.142878
226 1.143762
227 1.144729
228 1.144593
229 1.145067
230 1.144967
231 1.145833
232 1.146651
233 1.146236
234 1.147173
235 1.147529
236 1.148324
237 1.148182
238 1.148953
239 1.149291
240 1.148674
241 1.148686
242 1.148188
243 1.147636
244 1.147126
245 1.147304
246 1.148680
247 1.148496
248 1.147897
249 1.146930
250 1.147719
251 1.148378
252 1.148977
253 1.148467
254 1.148123
255 1.148514
256 1.149457
257 1.149404
258 1.148651
259 1.148330
260 1.148087
261 1.147779
262 1.148307
263 1.149024
264 1.148597
265 1.148532
266 1.150229
267 1.151492
268 1.152180
269 1.151902
270 1.153266
271 1.152993
272 1.153147
273 1.153171
274 1.153545
275 1.153171
276 1.152886
277 1.151979
278 1.151801
279 1.151445
280 1.152536
281 1.152388
282 1.152762
283 1.153284
284 1.153658
285 1.154079
286 1.155111
287 1.155443
288 1.155313
289 1.155681
290 1.155242
291 1.154542
292 1.153919
293 1.154862
294 1.155070
295 1.154660
296 1.154215
297 1.154678
298 1.155331
299 1.155787
300 1.156250
301 1.155924
302 1.155609
303 1.155182
304 1.153859
305 1.153106
306 1.153124
307 1.153201
308 1.153681
309 1.153889
310 1.153919
311 1.153717
312 1.153681
313 1.153397
314 1.153634
315 1.153948
316 1.154037
317 1.154678
318 1.155538
319 1.155076
320 1.155236
321 1.156161
322 1.156464
323 1.156001
324 1.156215
325 1.155093
326 1.155746
327 1.155473
328 1.155070
329 1.155799
330 1.156565
331 1.156458
332 1.156060
333 1.156505
334 1.156440
335 1.156268
336 1.155408
337 1.155366
338 1.155212
339 1.154797
340 1.155983
341 1.155948
342 1.155853
343 1.156849
344 1.157265
345 1.156754
346 1.156013
347 1.156707
348 1.156120
349 1.156345
350 1.155894
351 1.156891
352 1.156600
353 1.157822
354 1.157686
355 1.157466
356 1.157644
357 1.157632
358 1.157158
359 1.157229
360 1.156849
361 1.157063
362 1.156760
363 1.155918
364 1.156695
365 1.157010
366 1.156357
367 1.156571
368 1.156713
369 1.155651
370 1.155426
371 1.154559
372 1.154055
373 1.153248
374 1.152958
375 1.151848
376 1.152062
377 1.152139
378 1.152234
379 1.152726
380 1.152531
381 1.151925
382 1.152780
383 1.152940
384 1.153794
385 1.154221
386 1.153954
387 1.154642
388 1.154785
389 1.155295
390 1.156001
391 1.156126
392 1.155871
393 1.157015
394 1.157318
395 1.157567
396 1.157561
397 1.159021
398 1.157804
399 1.157532
400 1.158327
401 1.158232
402 1.158955
403 1.159252
404 1.158902
405 1.160646
406 1.161939
407 1.162088
408 1.160533
409 1.159667
410 1.159335
411 1.158665
412 1.157876
413 1.157929
414 1.158985
415 1.158700
416 1.159086
417 1.160622
418 1.160824
419 1.161299
420 1.160830
421 1.161471
422 1.160415
423 1.161228
424 1.160848
425 1.160931
426 1.161411
427 1.161572
428 1.161951
429 1.162337
430 1.162028
431 1.162082
432 1.162171
433 1.161993
434 1.162823
435 1.162651
436 1.163666
437 1.162586
438 1.162313
439 1.161815
440 1.161637
441 1.163630
442 1.162687
443 1.162141
444 1.162776
445 1.163589
446 1.163695
447 1.164419
448 1.165315
449 1.164918
450 1.165007
451 1.164372
452 1.164206
453 1.164680
454 1.164431
455 1.165327
456 1.166561
457 1.166763
458 1.166507
459 1.165885
460 1.165535
461 1.164188
462 1.164105
463 1.162853
464 1.161963
465 1.161233
466 1.161761
467 1.161850
468 1.160990
469 1.161050
470 1.161299
471 1.161684
472 1.162058
473 1.162337
474 1.162853
475 1.163648
476 1.162562
477 1.162705
478 1.162301
479 1.161797
480 1.161791
481 1.162106
482 1.162699
483 1.162301
484 1.161346
485 1.162349
486 1.161951
487 1.162361
488 1.162373
489 1.161821
490 1.162295
491 1.161720
492 1.161168
493 1.160990
494 1.161222
495 1.161512
496 1.160100
497 1.160700
498 1.160634
499 1.160498
500 1.161512
501 1.161566
502 1.161204
503 1.161305
504 1.161969
505 1.162165
506 1.161299
507 1.160943
508 1.160439
509 1.160474
510 1.160017
511 1.160367
512 1.159792
513 1.160427
514 1.160320
515 1.161139
516 1.161441
517 1.161186
518 1.162420
519 1.163423
520 1.164348
521 1.163755
522 1.164977
523 1.165345
524 1.164686
525 1.164401
526 1.164989
527 1.165167
528 1.164817
529 1.165760
530 1.166235
531 1.165624
532 1.164846
533 1.163636
534 1.163434
535 1.162990
536 1.163245
537 1.161951
538 1.160474
539 1.160516
540 1.161192
541 1.161963
542 1.163096
543 1.163304
544 1.164188
545 1.163790
546 1.163547
547 1.163767
548 1.162082
549 1.162527
550 1.162930
551 1.162408
552 1.162610
553 1.163209
554 1.161939
555 1.162533
556 1.160723
557 1.161156
558 1.161435
559 1.161233
560 1.159655
561 1.160053
562 1.159833
563 1.159911
564 1.158902
565 1.159098
566 1.159412
567 1.159472
568 1.159774
569 1.161032
570 1.161002
571 1.161423
572 1.162408
573 1.162966
574 1.162663
575 1.162355
576 1.162058
577 1.162634
578 1.162129
579 1.161714
580 1.161981
581 1.162895
582 1.162960
583 1.161678
584 1.161524
585 1.161245
586 1.160806
587 1.159537
588 1.158866
589 1.159555
590 1.160587
591 1.159804
592 1.159466
593 1.159003
594 1.159050
595 1.159768
596 1.160219
597 1.160000
598 1.159982
599 1.159252
600 1.158807
601 1.158979
602 1.159027
603 1.159317
604 1.158997
605 1.158588
606 1.158902
607 1.159305
608 1.159916
609 1.159543
610 1.158777
611 1.158760
612 1.157899
613 1.157662
614 1.158427
615 1.158677
616 1.158688
617 1.158048
618 1.157905
619 1.158060
620 1.159056
621 1.158594
622 1.159282
623 1.160682
624 1.160118
625 1.160557
626 1.159863
627 1.159756
628 1.159418
629 1.159151
630 1.160255
631 1.159483
632 1.160427
633 1.160367
634 1.159988
635 1.161245
636 1.160617
637 1.160984
638 1.161002
639 1.160735
640 1.161127
641 1.162289
642 1.161459
643 1.161708
644 1.161696
645 1.161465
646 1.161916
647 1.162212
648 1.162046
649 1.162687
650 1.161631
651 1.162236
652 1.162711
653 1.162260
654 1.163233
655 1.162212
656 1.163061
657 1.163173
658 1.163553
659 1.163001
660 1.161684
661 1.162129
662 1.162426
663 1.162153
664 1.161803
665 1.162129
666 1.164045
667 1.164069
668 1.163767
669 1.163251
670 1.163885
671 1.163666
672 1.162651
673 1.162580
674 1.162675
675 1.162740
676 1.161471
677 1.161429
678 1.161856
679 1.161886
680 1.162545
681 1.163434
682 1.163767
683 1.164200
684 1.164532
685 1.164615
686 1.164484
687 1.164437
688 1.163618
689 1.164099
690 1.164603
691 1.164858
692 1.165012
693 1.164835
694 1.165291
695 1.164775
696 1.164307
697 1.162960
698 1.163286
699 1.163167
700 1.162005
701 1.161346
702 1.161649
703 1.161554
704 1.161761
705 1.162509
706 1.162230
707 1.162628
708 1.163031
709 1.163227
710 1.162895
711 1.163108
712 1.163523
713 1.162574
714 1.161839
715 1.161916
716 1.162592
717 1.162100
718 1.162634
719 1.162260
720 1.161690
721 1.161530
722 1.161524
723 1.160308
724 1.159436
725 1.158985
726 1.158766
727 1.160284
728 1.160450
729 1.160106
730 1.160557
731 1.160023
732 1.160450
733 1.160628
734 1.160255
735 1.159027
736 1.159359
737 1.158855
738 1.158766
739 1.158908
740 1.158777
741 1.158528
742 1.158416
743 1.158101
744 1.157864
745 1.156861
746 1.157318
747 1.157923
748 1.157828
749 1.158860
750 1.158677
751 1.158777
752 1.159175
753 1.159353
754 1.158914
755 1.159175
756 1.158469
757 1.159685
758 1.160533
759 1.158926
760 1.158172
761 1.157389
762 1.158113
763 1.158605
764 1.158303
765 1.158350
766 1.160219
767 1.160789
768 1.160854
769 1.159970
770 1.159798
771 1.159169
772 1.158350
773 1.158196
774 1.159027
775 1.159472
776 1.160047
777 1.161139
778 1.162082
779 1.163369
780 1.163037
781 1.163245
782 1.163233
783 1.162901
784 1.162995
785 1.162236
786 1.162319
787 1.162141
788 1.162373
789 1.162159
790 1.162473
791 1.162592
792 1.162444
793 1.161334
794 1.161578
795 1.160705
796 1.161061
797 1.162082
798 1.161744
799 1.161720
800 1.159602
801 1.159074
802 1.159347
803 1.158849
804 1.158445
805 1.158285
806 1.158718
807 1.160136
808 1.160581
809 1.160800
810 1.161595
811 1.162017
812 1.161714
813 1.162663
814 1.162823
815 1.161833
816 1.163049
817 1.163357
818 1.163672
819 1.163019
820 1.162942
821 1.162817
822 1.162307
823 1.162301
824 1.163043
825 1.162711
826 1.164514
827 1.163417
828 1.165084
829 1.164366
830 1.163239
831 1.162924
832 1.162147
833 1.162189
834 1.162224
835 1.161945
836 1.162556
837 1.162414
838 1.161904
839 1.161886
840 1.162111
841 1.161038
842 1.162129
843 1.162995
844 1.162859
845 1.162794
846 1.163138
847 1.163417
848 1.162639
849 1.162212
850 1.162942
851 1.163891
852 1.163529
853 1.164579
854 1.165119
855 1.165612
856 1.164360
857 1.163968
858 1.164455
859 1.163749
860 1.163369
861 1.163488
862 1.163470
863 1.163357
864 1.164514
865 1.165119
866 1.164858
867 1.164223
868 1.164182
869 1.165291
870 1.165262
871 1.165291
872 1.165048
873 1.164467
874 1.164057
875 1.163986
876 1.163879
877 1.163921
878 1.163298
879 1.162758
880 1.162995
881 1.162847
882 1.163316
883 1.161886
884 1.161411
885 1.162752
886 1.162817
887 1.162367
888 1.162705
889 1.163559
890 1.164312
891 1.163506
892 1.162568
893 1.163067
894 1.163559
895 1.163470
896 1.163974
897 1.165463
898 1.165582
899 1.166241
900 1.166300
901 1.166371
902 1.166116
903 1.166614
904 1.167374
905 1.167077
906 1.167012
907 1.165564
908 1.165268
909 1.165321
910 1.165279
911 1.166223
912 1.166009
913 1.165784
914 1.164028
915 1.163043
916 1.162912
917 1.163351
918 1.162521
919 1.162396
920 1.162592
921 1.162562
922 1.162568
923 1.163156
924 1.163577
925 1.161833
926 1.161483
927 1.161067
928 1.162117
929 1.161352
930 1.162189
931 1.161085
932 1.161394
933 1.160925
934 1.160937
935 1.161459
936 1.161317
937 1.162325
938 1.162776
939 1.163061
940 1.163286
941 1.163565
942 1.163019
943 1.162509
944 1.161833
945 1.162355
946 1.162841
947 1.163251
948 1.164301
949 1.165303
950 1.163215
951 1.162432
952 1.161910
953 1.161388
954 1.162028
955 1.161910
956 1.161406
957 1.161583
958 1.162420
959 1.162135
960 1.163393
961 1.163506
962 1.163215
963 1.163274
964 1.163767
965 1.163452
966 1.163630
967 1.163933
968 1.163927
969 1.163879
970 1.161993
971 1.160688
972 1.161311
973 1.160225
974 1.159839
975 1.160403
976 1.160421
977 1.160504
978 1.159620
979 1.159827
980 1.160100
981 1.159383
982 1.159626
983 1.160385
984 1.161572
985 1.162853
986 1.162545
987 1.162497
988 1.162610
989 1.162159
990 1.162189
991 1.162390
992 1.162628
993 1.162669
994 1.161708
995 1.162622
996 1.162023
997 1.161720
998 1.161702
999 1.161346
1000 1.161233
1001 1.160136
1002 1.161050
1003 1.161156
1004 1.161085
1005 1.161109
1006 1.161085
1007 1.161192
1008 1.161839
1009 1.162378
1010 1.163951
1011 1.165042
1012 1.163126
1013 1.161613
1014 1.163601
1015 1.164170
1016 1.163951
1017 1.162734
1018 1.162052
1019 1.162325
1020 1.161839
1021 1.162171
1022 1.161928
1023 1.162426
1024 1.162278
1025 1.161928
1026 1.161144
1027 1.161536
1028 1.161536
1029 1.160866
1030 1.160587
1031 1.161014
1032 1.161435
1033 1.161376
1034 1.161928
1035 1.162384
1036 1.162948
1037 1.162224
1038 1.162829
1039 1.162129
1040 1.161910
1041 1.162497
1042 1.163678
1043 1.163678
1044 1.163838
1045 1.163873
1046 1.164912
1047 1.164461
1048 1.164235
1049 1.164384
1050 1.164028
1051 1.163731
1052 1.163802
1053 1.162651
1054 1.161625
1055 1.161690
1056 1.163019
1057 1.162823
1058 1.161542
1059 1.161014
1060 1.162206
1061 1.162610
1062 1.162580
1063 1.163761
1064 1.163844
1065 1.165481
1066 1.165505
1067 1.166407
1068 1.167083
1069 1.166199
1070 1.165173
1071 1.164455
1072 1.164692
1073 1.164769
1074 1.165618
1075 1.164526
1076 1.164740
1077 1.164372
1078 1.164010
1079 1.162960
1080 1.162942
1081 1.163529
1082 1.163862
1083 1.164105
1084 1.165363
1085 1.165861
1086 1.165772
1087 1.164888
1088 1.164556
1089 1.165629
1090 1.165214
1091 1.164568
1092 1.164336
1093 1.165054
1094 1.165689
1095 1.166074
1096 1.165036
1097 1.165357
1098 1.164894
1099 1.164419
1100 1.163992
1101 1.163749
1102 1.162568
1103 1.162023
1104 1.162604
1105 1.162794
1106 1.162147
1107 1.161951
1108 1.163227
1109 1.162906
1110 1.162906
1111 1.163144
1112 1.161910
1113 1.162141
1114 1.163292
1115 1.162183
1116 1.162610
1117 1.161263
1118 1.161661
1119 1.162236
1120 1.162023
1121 1.162414
1122 1.161429
1123 1.161518
1124 1.161850
1125 1.161773
1126 1.161144
1127 1.161649
1128 1.162420
1129 1.162491
1130 1.163523
1131 1.162978
1132 1.162242
1133 1.161845
1134 1.161744
1135 1.162936
1136 1.163138
1137 1.162610
1138 1.163078
1139 1.163322
1140 1.163565
1141 1.163227
1142 1.164158
1143 1.165024
1144 1.164390
1145 1.164734
1146 1.165179
1147 1.164953
1148 1.164983
1149 1.165594
1150 1.165078
1151 1.165398
1152 1.165119
1153 1.164265
1154 1.163868
1155 1.163595
1156 1.162473
1157 1.162349
1158 1.161934
1159 1.161643
1160 1.161441
1161 1.161139
1162 1.161690
1163 1.160866
1164 1.160397
1165 1.159294
1166 1.160605
1167 1.159845
1168 1.160243
1169 1.161222
1170 1.161744
1171 1.161127
1172 1.161862
1173 1.162260
1174 1.161756
1175 1.161892
1176 1.161263
1177 1.161121
1178 1.162135
1179 1.161773
1180 1.163084
1181 1.163055
1182 1.163820
1183 1.164372
1184 1.164912
1185 1.164176
1186 1.164467
1187 1.163601
1188 1.164188
1189 1.163968
1190 1.163992
1191 1.163672
1192 1.163120
1193 1.162568
1194 1.162088
1195 1.162432
1196 1.162705
1197 1.164170
1198 1.163903
1199 1.163120
1200 1.163369
1201 1.162717
1202 1.162562
1203 1.162758
1204 1.163399
1205 1.162331
1206 1.162165
1207 1.163019
1208 1.162272
1209 1.162865
1210 1.163120
1211 1.162889
1212 1.162669
1213 1.162841
1214 1.162444
1215 1.161655
1216 1.162651
1217 1.162895
1218 1.163197
1219 1.163316
1220 1.163601
1221 1.163434
1222 1.163571
1223 1.163322
1224 1.163144
1225 1.162100
1226 1.162123
1227 1.163245
1228 1.163191
1229 1.162966
1230 1.161269
1231 1.162117
1232 1.162592
1233 1.163980
1234 1.163108
1235 1.162984
1236 1.163013
1237 1.162823
1238 1.162859
1239 1.162248
1240 1.163144
1241 1.163405
1242 1.163690
1243 1.164716
1244 1.165819
1245 1.165968
1246 1.165357
1247 1.165107
1248 1.164194
1249 1.164396
1250 1.165078
1251 1.165066
1252 1.163909
1253 1.164087
1254 1.163440
1255 1.164271
1256 1.164384
1257 1.165214
1258 1.164923
1259 1.164603
1260 1.163885
1261 1.163037
1262 1.163280
1263 1.163618
1264 1.163494
1265 1.163102
1266 1.163434
1267 1.162936
1268 1.162331
1269 1.162111
1270 1.162266
1271 1.162711
1272 1.162539
1273 1.163340
1274 1.162841
1275 1.163013
1276 1.163399
1277 1.163245
1278 1.163387
1279 1.163381
1280 1.163749
1281 1.163589
1282 1.162740
1283 1.161785
1284 1.161061
1285 1.160510
1286 1.160130
1287 1.160177
1288 1.159655
1289 1.159673
1290 1.159442
1291 1.159228
1292 1.159116
1293 1.159175
1294 1.158315
1295 1.157698
1296 1.157882
1297 1.157478
1298 1.157069
1299 1.156921
1300 1.157686
1301 1.157460
1302 1.158546
1303 1.158712
1304 1.158332
1305 1.157911
1306 1.158831
1307 1.160136
1308 1.159181
1309 1.159827
1310 1.159810
1311 1.159602
1312 1.159454
1313 1.159460
1314 1.160830
1315 1.161311
1316 1.162023
1317 1.162378
1318 1.162040
1319 1.162740
1320 1.164028
1321 1.163891
1322 1.163245
1323 1.163434
1324 1.163209
1325 1.163328
1326 1.162200
1327 1.162189
1328 1.163381
1329 1.161821
1330 1.161898
1331 1.162355
1332 1.163025
1333 1.162883
1334 1.163393
1335 1.163838
1336 1.163565
1337 1.163322
1338 1.163334
1339 1.162978
1340 1.163239
1341 1.163529
1342 1.163256
1343 1.162384
1344 1.162675
1345 1.162586
1346 1.162331
1347 1.163209
1348 1.164579
1349 1.164312
1350 1.164603
1351 1.165167
1352 1.166513
1353 1.167427
1354 1.167332
1355 1.167504
1356 1.167469
1357 1.167908
1358 1.167492
1359 1.168157
1360 1.167937
1361 1.167842
1362 1.167421
1363 1.167552
1364 1.167563
1365 1.166383
1366 1.166507
1367 1.166205
1368 1.165173
1369 1.164016
1370 1.163618
1371 1.163956
1372 1.162728
1373 1.163517
1374 1.164289
1375 1.163660
1376 1.165374
1377 1.166448
1378 1.167231
1379 1.166335
1380 1.165997
1381 1.165926
1382 1.165279
1383 1.164674
1384 1.164129
1385 1.163921
1386 1.163678
1387 1.163357
1388 1.163375
1389 1.162960
1390 1.164378
1391 1.164912
1392 1.163784
1393 1.163737
1394 1.164318
1395 1.162906
1396 1.162450
1397 1.162462
1398 1.162634
1399 1.162545
1400 1.162295
1401 1.161761
1402 1.161779
1403 1.161322
1404 1.161156
1405 1.160640
1406 1.160658
1407 1.161150
1408 1.161085
1409 1.160622
1410 1.160747
1411 1.161767
1412 1.162426
1413 1.162622
1414 1.161008
1415 1.161299
1416 1.161293
1417 1.161394
1418 1.161263
1419 1.161233
1420 1.162390
1421 1.162355
1422 1.163049
1423 1.162942
1424 1.161720
1425 1.161750
1426 1.162414
1427 1.162218
1428 1.161791
1429 1.160622
1430 1.161204
1431 1.161346
1432 1.161340
1433 1.160427
1434 1.160545
1435 1.159157
1436 1.159240
1437 1.160177
1438 1.160083
1439 1.160266
1440 1.159424
1441 1.159851
1442 1.160106
1443 1.159750
1444 1.158914
1445 1.159323
1446 1.159086
1447 1.159163
1448 1.159911
1449 1.161067
1450 1.160409
1451 1.160961
1452 1.160889
1453 1.160860
1454 1.162331
1455 1.162728
1456 1.162889
1457 1.163399
1458 1.163108
1459 1.162984
1460 1.163862
1461 1.162901
1462 1.162628
1463 1.163334
1464 1.163850
1465 1.164490
1466 1.163891
1467 1.164158
1468 1.163167
1469 1.163541
1470 1.162794
1471 1.163393
1472 1.163340
1473 1.163648
1474 1.163328
1475 1.165202
1476 1.164514
1477 1.163571
1478 1.162592
1479 1.161085
1480 1.161263
1481 1.162094
1482 1.162141
1483 1.162266
1484 1.163031
1485 1.163399
1486 1.161922
1487 1.160361
1488 1.159798
1489 1.159685
1490 1.159845
1491 1.159472
1492 1.159875
1493 1.160350
1494 1.160842
1495 1.160723
1496 1.160688
1497 1.160450
1498 1.160290
1499 1.160996
1500 1.161411
1501 1.160201
1502 1.161583
1503 1.161293
1504 1.161548
1505 1.161317
1506 1.161815
1507 1.162100
1508 1.162936
1509 1.162503
1510 1.161447
1511 1.161394
1512 1.161067
1513 1.161233
1514 1.160931
1515 1.161388
1516 1.161459
1517 1.161162
1518 1.161738
1519 1.161382
1520 1.160581
1521 1.161216
1522 1.162307
1523 1.162159
1524 1.162373
1525 1.162141
1526 1.163102
1527 1.163458
1528 1.163310
1529 1.164016
1530 1.164698
1531 1.165173
1532 1.165505
1533 1.165600
1534 1.164846
1535 1.163381
1536 1.163648
1537 1.162924
1538 1.162420
1539 1.162853
1540 1.162758
1541 1.162930
1542 1.163601
1543 1.164390
1544 1.164105
1545 1.163933
1546 1.163351
1547 1.163126
1548 1.163025
1549 1.162995
1550 1.163429
1551 1.163369
1552 1.163209
1553 1.163927
1554 1.163767
1555 1.162622
1556 1.164241
1557 1.165096
1558 1.165208
1559 1.164431
1560 1.164811
1561 1.163992
1562 1.163755
1563 1.164615
1564 1.164888
1565 1.164977
1566 1.164455
1567 1.163868
1568 1.163666
1569 1.164063
1570 1.163992
1571 1.163838
1572 1.163446
1573 1.163126
1574 1.164010
1575 1.163286
1576 1.163096
1577 1.164894
1578 1.165090
1579 1.164069
1580 1.164330
1581 1.164793
1582 1.164146
1583 1.165214
1584 1.164129
1585 1.163844
1586 1.163654
1587 1.163909
1588 1.163458
1589 1.164318
1590 1.163565
1591 1.164028
1592 1.164484
1593 1.162574
1594 1.161839
1595 1.161987
1596 1.161744
1597 1.160723
1598 1.161637
1599 1.163666
1600 1.164111
1601 1.163974
1602 1.163684
1603 1.163150
1604 1.162936
1605 1.162604
1606 1.163369
1607 1.162859
1608 1.162924
1609 1.162556
1610 1.163215
1611 1.163239
1612 1.163885
1613 1.164360
1614 1.164461
1615 1.164597
1616 1.165220
1617 1.163856
1618 1.163927
1619 1.163921
1620 1.163998
1621 1.164265
1622 1.164496
1623 1.165036
1624 1.166098
1625 1.166122
1626 1.165784
1627 1.166157
1628 1.166140
1629 1.166484
1630 1.166751
1631 1.167344
1632 1.167362
1633 1.168697
1634 1.168507
1635 1.167605
1636 1.166792
1637 1.165683
1638 1.165612
1639 1.166549
1640 1.167302
1641 1.166769
1642 1.165802
1643 1.165754
1644 1.166252
1645 1.166051
1646 1.166377
1647 1.165535
1648 1.165410
1649 1.164858
1650 1.163814
1651 1.164022
1652 1.164241
1653 1.164093
1654 1.163167
1655 1.164176
1656 1.164473
1657 1.163927
1658 1.163274
1659 1.163434
1660 1.163547
1661 1.163381
1662 1.163701
1663 1.162829
1664 1.163583
1665 1.164437
1666 1.163921
1667 1.164247
1668 1.164591
1669 1.163672
1670 1.163927
1671 1.163755
1672 1.164556
1673 1.164093
1674 1.165101
1675 1.166359
1676 1.166353
1677 1.165641
1678 1.165956
1679 1.165410
1680 1.165671
1681 1.165422
1682 1.164959
1683 1.164817
1684 1.163844
1685 1.163737
1686 1.164218
1687 1.163808
1688 1.164781
1689 1.165113
1690 1.165535
1691 1.163891
1692 1.163096
1693 1.162936
1694 1.163523
1695 1.163820
1696 1.163589
1697 1.163440
1698 1.161684
1699 1.161352
1700 1.162497
1701 1.161845
1702 1.161578
1703 1.161601
1704 1.160978
1705 1.161050
1706 1.161655
1707 1.161293
1708 1.161750
1709 1.161833
1710 1.160913
1711 1.161032
1712 1.161619
1713 1.161649
1714 1.161868
1715 1.161032
1716 1.160789
1717 1.162165
1718 1.161613
1719 1.161649
1720 1.161471
1721 1.160302
1722 1.160569
1723 1.159691
1724 1.159697
1725 1.160071
1726 1.160053
1727 1.161133
1728 1.161773
1729 1.162070
1730 1.163073
1731 1.163595
1732 1.164484
1733 1.166229
1734 1.165475
1735 1.165475
1736 1.164912
1737 1.164419
1738 1.164805
1739 1.163897
1740 1.163761
1741 1.163862
1742 1.162936
1743 1.163577
1744 1.163642
1745 1.163755
1746 1.164022
1747 1.164401
1748 1.164573
1749 1.164923
1750 1.163956
1751 1.164603
1752 1.164639
1753 1.165321
1754 1.165837
1755 1.165428
1756 1.166146
1757 1.165594
1758 1.165279
1759 1.165873
1760 1.165944
1761 1.166513
1762 1.165944
1763 1.165327
1764 1.164846
1765 1.164467
1766 1.164751
1767 1.165570
1768 1.164538
1769 1.165363
1770 1.165629
1771 1.164829
1772 1.164983
1773 1.165463
1774 1.164811
1775 1.165849
1776 1.165766
1777 1.165374
1778 1.165410
1779 1.165944
1780 1.166128
1781 1.165422
1782 1.165695
1783 1.165505
1784 1.164277
1785 1.163286
1786 1.163037
1787 1.162865
1788 1.163179
1789 1.163826
1790 1.164538
1791 1.163868
1792 1.164271
1793 1.164372
1794 1.164401
1795 1.163666
1796 1.163541
1797 1.163423
1798 1.163571
1799 1.164093
1800 1.164467
1801 1.164680
1802 1.164556
1803 1.164146
1804 1.164615
1805 1.165137
1806 1.164467
1807 1.164817
1808 1.165392
1809 1.165250
1810 1.165416
1811 1.164787
1812 1.163773
1813 1.163084
1814 1.163802
1815 1.163802
1816 1.165107
1817 1.165048
1818 1.165137
1819 1.165546
1820 1.166460
1821 1.166424
1822 1.166140
1823 1.167053
1824 1.165908
1825 1.166294
1826 1.165446
1827 1.165226
1828 1.164301
1829 1.163043
1830 1.163553
1831 1.162527
1832 1.161305
1833 1.162746
1834 1.163417
1835 1.162990
1836 1.163280
1837 1.163138
1838 1.162978
1839 1.162408
1840 1.162159
1841 1.162284
1842 1.163114
1843 1.162812
1844 1.163921
1845 1.163666
1846 1.163298
1847 1.164413
1848 1.163802
1849 1.163517
1850 1.163761
1851 1.163262
1852 1.164164
1853 1.163773
1854 1.162444
1855 1.163429
1856 1.163974
1857 1.161993
1858 1.162266
1859 1.161400
1860 1.161382
1861 1.161785
1862 1.162284
1863 1.162017
1864 1.161850
1865 1.161821
1866 1.161720
1867 1.161162
1868 1.161536
1869 1.161370
1870 1.161714
1871 1.162527
1872 1.161862
1873 1.162254
1874 1.162752
1875 1.163090
1876 1.163156
1877 1.163049
1878 1.162509
1879 1.161756
1880 1.162052
1881 1.161892
1882 1.162545
1883 1.161702
1884 1.162023
1885 1.162171
1886 1.162367
1887 1.163037
1888 1.163274
1889 1.163375
1890 1.163939
1891 1.163891
1892 1.162954
1893 1.162906
1894 1.163369
1895 1.163334
1896 1.162960
1897 1.163215
1898 1.162912
1899 1.162058
1900 1.162236
1901 1.161115
1902 1.160830
1903 1.161192
1904 1.161097
1905 1.159934
1906 1.158683
1907 1.159483
1908 1.160314
1909 1.160818
1910 1.160011
1911 1.162123
1912 1.162984
1913 1.162782
1914 1.161969
1915 1.162972
1916 1.162473
1917 1.162806
1918 1.161803
1919 1.161981
1920 1.161856
1921 1.161601
1922 1.162088
1923 1.161773
1924 1.161162
1925 1.160949
1926 1.161892
1927 1.161536
1928 1.161791
1929 1.161394
1930 1.163049
1931 1.163512
1932 1.163535
1933 1.163606
1934 1.163399
1935 1.164164
1936 1.165404
1937 1.164662
1938 1.166211
1939 1.166057
1940 1.165339
1941 1.164829
1942 1.164692
1943 1.164858
1944 1.165683
1945 1.165007
1946 1.164912
1947 1.165582
1948 1.165624
1949 1.166300
1950 1.166519
1951 1.167943
1952 1.167546
1953 1.168293
1954 1.169041
1955 1.169521
1956 1.168133
1957 1.167018
1958 1.167130
1959 1.166988
1960 1.167124
1961 1.167658
1962 1.167385
1963 1.166727
1964 1.166484
1965 1.166015
1966 1.166970
1967 1.167587
1968 1.166371
1969 1.165505
1970 1.164585
1971 1.164348
1972 1.164639
1973 1.163862
1974 1.163903
1975 1.164484
1976 1.164502
1977 1.164490
1978 1.164811
1979 1.164307
1980 1.165113
1981 1.165001
1982 1.164081
1983 1.164075
1984 1.163968
1985 1.163304
1986 1.163458
1987 1.163850
1988 1.163684
1989 1.165113
1990 1.165695
1991 1.165558
1992 1.164152
1993 1.164449
1994 1.164140
1995 1.163322
1996 1.162325
1997 1.161133
1998 1.161228
1999 1.161417
2000 1.161239
2001 1.161400
2002 1.161406
2003 1.162859
2004 1.163286
2005 1.163624
2006 1.163298
2007 1.163114
2008 1.162812
2009 1.162260
2010 1.162491
2011 1.163138
2012 1.162990
2013 1.163328
2014 1.163363
2015 1.164022
2016 1.163167
2017 1.163405
2018 1.164028
2019 1.164235
2020 1.165279
2021 1.165297
2022 1.165208
2023 1.163684
2024 1.164443
2025 1.164585
2026 1.164182
2027 1.164087
2028 1.162906
2029 1.162378
2030 1.162806
2031 1.162545
2032 1.162628
2033 1.160883
2034 1.161518
2035 1.161738
2036 1.162343
2037 1.161299
2038 1.161453
2039 1.161453
2040 1.161477
2041 1.160581
2042 1.161435
2043 1.161257
2044 1.161376
2045 1.161987
2046 1.162699
2047 1.163630
2048 1.163547
2049 1.163701
2050 1.164579
2051 1.164194
2052 1.163464
2053 1.164188
2054 1.163992
2055 1.163725
2056 1.163399
2057 1.163357
2058 1.163517
2059 1.162527
2060 1.163096
2061 1.163043
2062 1.163262
2063 1.161720
2064 1.162841
2065 1.163399
2066 1.162444
2067 1.163280
2068 1.163790
2069 1.162782
2070 1.162497
2071 1.162906
2072 1.162248
2073 1.162669
2074 1.163037
2075 1.163832
2076 1.163749
2077 1.163535
2078 1.163678
2079 1.163156
2080 1.164045
2081 1.164022
2082 1.163316
2083 1.163185
2084 1.164129
2085 1.164366
2086 1.164633
2087 1.164140
2088 1.163523
2089 1.163351
2090 1.162764
2091 1.162343
2092 1.162218
2093 1.161773
2094 1.162343
2095 1.162723
2096 1.161975
2097 1.162123
2098 1.161868
2099 1.162918
2100 1.162817
2101 1.163043
2102 1.163334
2103 1.164384
2104 1.164152
2105 1.164271
2106 1.165677
2107 1.165695
2108 1.166537
2109 1.166709
2110 1.166929
2111 1.167463
2112 1.166033
2113 1.166389
2114 1.166531
2115 1.165920
2116 1.166211
2117 1.165665
2118 1.165446
2119 1.164550
2120 1.163998
2121 1.163381
2122 1.162906
2123 1.162639
2124 1.163636
2125 1.164740
2126 1.164722
2127 1.164455
2128 1.164099
2129 1.164342
2130 1.163707
2131 1.163565
2132 1.163761
2133 1.163998
2134 1.163001
2135 1.163049
2136 1.162847
2137 1.162871
2138 1.163345
2139 1.164348
2140 1.164829
2141 1.164805
2142 1.163553
2143 1.163921
2144 1.165487
2145 1.166294
2146 1.166051
2147 1.165499
2148 1.164384
2149 1.163719
2150 1.163690
2151 1.164467
2152 1.164900
2153 1.164876
2154 1.165908
2155 1.164401
2156 1.164823
2157 1.165932
2158 1.166270
2159 1.165155
2160 1.164704
2161 1.163440
2162 1.164662
2163 1.164105
2164 1.164437
2165 1.165060
2166 1.164621
2167 1.163452
2168 1.163725
2169 1.162912
2170 1.162390
2171 1.162657
2172 1.163749
2173 1.163945
2174 1.164585
2175 1.164057
2176 1.164829
2177 1.164318
2178 1.164929
2179 1.165902
2180 1.167611
2181 1.167261
2182 1.165600
2183 1.165096
2184 1.164757
2185 1.163974
2186 1.164312
2187 1.164164
2188 1.164508
2189 1.164312
2190 1.165262
2191 1.165612
2192 1.165451
2193 1.165606
2194 1.165843
2195 1.166460
2196 1.166134
2197 1.165238
2198 1.165517
2199 1.165451
2200 1.165570
2201 1.165090
2202 1.165220
2203 1.165084
2204 1.164188
2205 1.163850
2206 1.162942
2207 1.162396
2208 1.163452
2209 1.163939
2210 1.165250
2211 1.164912
2212 1.163897
2213 1.162657
2214 1.162183
2215 1.161453
2216 1.160978
2217 1.161536
2218 1.161299
2219 1.161032
2220 1.162088
2221 1.161358
2222 1.160682
2223 1.161014
2224 1.161714
2225 1.161797
2226 1.162384
2227 1.162064
2228 1.163019
2229 1.163429
2230 1.164615
2231 1.164651
2232 1.162800
2233 1.161358
2234 1.160682
2235 1.160391
2236 1.160112
2237 1.161690
2238 1.160148
2239 1.160059
2240 1.159994
2241 1.160379
2242 1.161299
2243 1.161245
2244 1.162123
2245 1.161874
2246 1.162230
2247 1.160694
2248 1.160913
2249 1.160848
2250 1.160373
2251 1.159561
2252 1.159833
2253 1.159715
2254 1.160355
2255 1.160266
2256 1.160735
2257 1.160895
2258 1.160373
2259 1.159525
2260 1.160148
2261 1.160237
2262 1.160011
2263 1.160391
2264 1.161311
2265 1.162195
2266 1.161560
2267 1.160658
2268 1.160077
2269 1.159928
2270 1.160361
2271 1.160777
2272 1.160225
2273 1.160937
2274 1.160771
2275 1.161334
2276 1.160866
2277 1.162420
2278 1.161981
2279 1.160705
2280 1.160895
2281 1.160462
2282 1.159964
2283 1.159122
2284 1.159501
2285 1.160753
2286 1.160219
2287 1.161097
2288 1.161388
2289 1.162260
2290 1.162331
2291 1.163227
2292 1.162562
2293 1.162491
2294 1.162278
2295 1.161868
2296 1.161845
2297 1.162438
2298 1.162123
2299 1.161880
2300 1.161761
2301 1.163013
2302 1.163031
2303 1.164556
2304 1.164081
2305 1.164146
2306 1.164170
2307 1.165161
2308 1.166169
2309 1.165843
2310 1.166905
2311 1.166946
2312 1.166407
2313 1.167747
2314 1.167908
2315 1.167000
2316 1.167024
2317 1.166389
2318 1.167338
2319 1.167231
2320 1.167397
2321 1.167558
2322 1.167243
2323 1.167154
2324 1.167528
2325 1.168269
2326 1.167991
2327 1.168513
2328 1.169248
2329 1.169290
2330 1.169776
2331 1.169581
2332 1.169248
2333 1.169877
2334 1.168400
2335 1.167528
2336 1.167498
2337 1.168465
2338 1.168501
2339 1.168364
2340 1.166460
2341 1.165659
2342 1.165463
2343 1.166466
2344 1.166407
2345 1.167249
2346 1.168180
2347 1.167142
2348 1.167302
2349 1.168175
2350 1.167356
2351 1.167196
2352 1.167457
2353 1.167581
2354 1.167344
2355 1.168525
2356 1.167771
2357 1.168578
2358 1.169064
2359 1.168904
2360 1.167730
2361 1.168471
2362 1.168192
2363 1.168720
2364 1.167943
2365 1.167747
2366 1.167107
2367 1.166976
2368 1.166549
2369 1.166175
2370 1.166341
2371 1.166163
2372 1.166205
2373 1.164870
2374 1.163660
2375 1.163102
2376 1.161827
2377 1.161987
2378 1.162011
2379 1.163078
2380 1.162693
2381 1.161892
2382 1.162384
2383 1.162165
2384 1.161394
2385 1.161210
2386 1.162515
2387 1.162343
2388 1.162278
2389 1.161672
2390 1.161572
2391 1.160872
2392 1.161269
2393 1.161702
2394 1.162829
2395 1.163713
2396 1.163328
2397 1.162639
2398 1.163215
2399 1.164194
2400 1.163779
2401 1.163292
2402 1.164045
2403 1.164016
2404 1.164407
2405 1.163915
2406 1.164947
2407 1.165084
2408 1.165588
2409 1.166460
2410 1.166063
2411 1.164734
2412 1.164639
2413 1.164496
2414 1.163547
2415 1.163927
2416 1.164229
2417 1.165244
2418 1.165351
2419 1.164977
2420 1.164384
2421 1.164704
2422 1.164923
2423 1.164609
2424 1.163031
2425 1.164093
2426 1.164425
2427 1.163547
2428 1.163399
2429 1.162723
2430 1.162159
2431 1.162313
2432 1.162948
2433 1.163274
2434 1.162895
2435 1.162034
2436 1.162046
2437 1.162390
2438 1.163737
2439 1.164716
2440 1.165434
2441 1.164912
2442 1.165440
2443 1.165487
2444 1.164870
2445 1.164728
2446 1.164615
2447 1.165125
2448 1.164407
2449 1.165030
2450 1.164289
2451 1.164425
2452 1.164034
2453 1.163749
2454 1.164022
2455 1.165736
2456 1.165618
2457 1.166169
2458 1.166181
2459 1.166246
2460 1.166033
2461 1.166490
2462 1.166300
2463 1.165914
2464 1.166353
2465 1.166561
2466 1.166685
2467 1.166964
2468 1.166537
2469 1.164490
2470 1.163434
2471 1.163345
2472 1.163553
2473 1.162645
2474 1.162740
2475 1.161963
2476 1.161210
2477 1.162669
2478 1.163850
2479 1.164206
2480 1.164111
2481 1.162972
2482 1.162088
2483 1.162580
2484 1.162978
2485 1.162782
2486 1.162491
2487 1.162414
2488 1.162064
2489 1.162705
2490 1.161222
2491 1.161257
2492 1.160094
2493 1.160017
2494 1.160326
2495 1.159952
2496 1.160160
2497 1.160000
2498 1.160261
2499 1.161815
2500 1.161744
2501 1.161667
2502 1.162272
2503 1.162503
2504 1.161720
2505 1.160735
2506 1.160112
2507 1.160261
2508 1.160711
2509 1.160842
2510 1.161239
2511 1.161127
2512 1.162337
2513 1.162835
2514 1.162865
2515 1.162533
2516 1.162195
2517 1.163055
2518 1.162639
2519 1.161910
2520 1.162550
2521 1.163535
2522 1.162645
2523 1.161809
2524 1.162788
2525 1.161928
2526 1.161560
2527 1.160866
2528 1.160231
2529 1.160587
2530 1.160937
2531 1.160450
2532 1.159614
2533 1.159383
2534 1.160320
2535 1.159916
2536 1.161441
2537 1.160771
2538 1.160646
2539 1.161174
2540 1.160878
2541 1.161251
2542 1.161714
2543 1.162319
2544 1.162675
2545 1.163108
2546 1.161287
2547 1.160231
2548 1.161032
2549 1.158825
2550 1.159976
2551 1.160338
2552 1.160545
2553 1.159525
2554 1.160023
2555 1.160747
2556 1.159620
2557 1.159353
2558 1.161133
2559 1.162337
2560 1.162574
2561 1.163773
2562 1.164496
2563 1.164010
2564 1.163986
2565 1.163642
2566 1.164686
2567 1.164912
2568 1.165540
2569 1.165813
2570 1.165190
2571 1.164793
2572 1.164093
2573 1.165855
2574 1.165991
2575 1.166187
2576 1.165760
2577 1.165256
2578 1.164906
2579 1.164882
2580 1.165368
2581 1.166175
2582 1.165398
2583 1.165321
2584 1.164740
2585 1.163713
2586 1.162568
2587 1.163167
2588 1.163274
2589 1.162236
2590 1.163423
2591 1.163150
2592 1.163375
2593 1.163672
2594 1.164443
2595 1.163695
2596 1.163868
2597 1.164384
2598 1.163690
2599 1.163980
2600 1.164093
2601 1.163274
2602 1.163055
2603 1.162634
2604 1.161672
2605 1.162349
2606 1.161862
2607 1.162325
2608 1.163150
2609 1.163351
2610 1.163013
2611 1.163790
2612 1.164045
2613 1.162574
2614 1.163209
2615 1.164544
2616 1.164158
2617 1.163945
2618 1.165024
2619 1.165594
2620 1.165535
2621 1.164680
2622 1.164704
2623 1.164520
2624 1.164947
2625 1.164639
2626 1.164040
2627 1.163595
2628 1.164235
2629 1.162586
2630 1.162129
2631 1.163090
2632 1.162550
2633 1.163108
2634 1.163274
2635 1.163856
2636 1.162414
2637 1.162123
2638 1.162912
2639 1.162859
2640 1.163517
2641 1.163067
2642 1.163233
2643 1.163215
2644 1.162503
2645 1.162918
2646 1.162408
2647 1.161649
2648 1.160711
2649 1.161044
2650 1.160955
2651 1.161334
2652 1.162319
2653 1.160640
2654 1.161839
2655 1.161761
2656 1.161845
2657 1.161809
2658 1.162645
2659 1.163132
2660 1.163571
2661 1.164829
2662 1.165760
2663 1.164490
2664 1.165131
2665 1.164301
2666 1.164829
2667 1.164342
2668 1.164929
2669 1.164152
2670 1.163506
2671 1.163814
2672 1.163138
2673 1.162550
2674 1.162254
2675 1.163114
2676 1.163221
2677 1.162491
2678 1.162723
2679 1.162117
2680 1.161002
2681 1.161091
2682 1.161275
2683 1.161305
2684 1.159590
2685 1.158955
2686 1.159104
2687 1.159798
2688 1.160735
2689 1.160789
2690 1.161133
2691 1.160581
2692 1.160694
2693 1.161477
2694 1.162212
2695 1.161939
2696 1.162367
2697 1.162746
2698 1.163529
2699 1.163476
2700 1.164894
2701 1.165345
2702 1.166531
2703 1.166015
2704 1.165754
2705 1.164200
2706 1.163862
2707 1.163274
2708 1.162930
2709 1.163773
2710 1.164348
2711 1.163767
2712 1.163013
2713 1.164265
2714 1.163458
2715 1.163102
2716 1.163191
2717 1.163589
2718 1.163363
2719 1.163980
2720 1.163660
2721 1.163630
2722 1.165078
2723 1.164514
2724 1.165274
2725 1.165309
2726 1.166418
2727 1.166252
2728 1.165932
2729 1.166424
2730 1.165244
2731 1.164384
2732 1.163986
2733 1.164146
2734 1.164336
2735 1.164152
2736 1.164188
2737 1.164134
2738 1.163802
2739 1.162746
2740 1.163363
2741 1.162705
2742 1.161856
2743 1.162384
2744 1.162895
2745 1.164164
2746 1.163968
2747 1.163399
2748 1.163529
2749 1.162924
2750 1.162023
2751 1.163120
2752 1.163636
2753 1.163796
2754 1.164265
2755 1.164407
2756 1.164057
2757 1.164069
2758 1.164787
2759 1.164538
2760 1.164562
2761 1.164639
2762 1.164413
2763 1.164473
2764 1.163755
2765 1.162895
2766 1.163850
2767 1.163138
2768 1.161601
2769 1.161489
2770 1.161453
2771 1.161761
2772 1.162017
2773 1.163019
2774 1.162960
2775 1.163446
2776 1.163565
2777 1.162984
2778 1.162574
2779 1.162278
2780 1.162533
2781 1.162675
2782 1.163037
2783 1.162699
2784 1.163802
2785 1.163642
2786 1.163452
2787 1.163245
2788 1.163405
2789 1.163458
2790 1.164241
2791 1.162634
2792 1.162847
2793 1.163185
2794 1.163043
2795 1.163565
2796 1.164692
2797 1.164277
2798 1.165220
2799 1.165997
2800 1.166217
2801 1.166027
2802 1.166389
2803 1.165244
2804 1.164152
2805 1.164283
2806 1.163826
2807 1.164651
2808 1.165226
2809 1.165985
2810 1.165885
2811 1.166294
2812 1.165647
2813 1.165677
2814 1.165499
2815 1.165588
2816 1.165481
2817 1.164763
2818 1.164117
2819 1.162889
2820 1.162580
2821 1.161210
2822 1.160189
2823 1.158926
2824 1.158445
2825 1.158807
2826 1.159299
2827 1.158926
2828 1.158724
2829 1.158196
2830 1.157799
2831 1.158172
2832 1.158089
2833 1.157389
2834 1.158350
2835 1.158890
2836 1.159857
2837 1.159721
2838 1.158855
2839 1.158890
2840 1.159294
2841 1.159394
2842 1.160154
2843 1.160296
2844 1.161572
2845 1.161572
2846 1.161085
2847 1.160391
2848 1.158819
2849 1.158902
2850 1.159406
2851 1.159264
2852 1.159335
2853 1.159294
2854 1.159347
2855 1.159210
2856 1.158748
2857 1.159881
2858 1.159139
2859 1.158113
2860 1.159264
2861 1.158860
2862 1.158083
2863 1.158279
2864 1.158932
2865 1.159033
2866 1.160290
2867 1.160421
2868 1.160611
2869 1.161133
2870 1.160931
2871 1.161892
2872 1.160961
2873 1.160433
2874 1.160219
2875 1.160462
2876 1.161014
2877 1.161156
2878 1.161103
2879 1.161560
2880 1.162011
2881 1.162088
2882 1.162171
2883 1.162628
2884 1.162485
2885 1.161085
2886 1.160818
2887 1.160919
2888 1.160747
2889 1.161008
2890 1.161192
2891 1.161910
2892 1.162764
2893 1.162135
2894 1.163073
2895 1.162871
2896 1.161767
2897 1.162307
2898 1.162242
2899 1.163067
2900 1.162817
2901 1.162533
2902 1.162497
2903 1.162023
2904 1.162349
2905 1.162812
2906 1.162889
2907 1.162616
2908 1.161957
2909 1.161833
2910 1.162230
2911 1.163096
2912 1.162515
2913 1.162871
2914 1.162752
2915 1.163423
2916 1.163251
2917 1.162284
2918 1.162337
2919 1.161512
2920 1.163102
2921 1.162088
2922 1.161839
2923 1.160878
2924 1.161026
2925 1.159323
2926 1.158427
2927 1.159015
2928 1.158920
2929 1.158677
2930 1.159501
2931 1.160771
2932 1.160765
2933 1.160504
2934 1.161512
2935 1.161429
2936 1.161827
2937 1.161364
2938 1.161109
2939 1.161346
2940 1.161512
2941 1.161993
2942 1.162367
2943 1.162568
2944 1.161963
2945 1.162562
2946 1.163245
2947 1.163387
2948 1.164170
2949 1.162699
2950 1.162278
2951 1.161892
2952 1.162070
2953 1.161394
2954 1.162420
2955 1.163191
2956 1.162550
2957 1.162853
2958 1.162539
2959 1.164016
2960 1.164734
2961 1.163755
2962 1.163464
2963 1.162456
2964 1.162598
2965 1.164360
2966 1.164443
2967 1.164212
2968 1.163779
2969 1.163381
2970 1.162503
2971 1.163357
2972 1.162829
2973 1.162224
2974 1.162206
2975 1.162984
2976 1.162806
2977 1.162639
2978 1.163844
2979 1.163494
2980 1.163488
2981 1.164342
2982 1.164301
2983 1.163968
2984 1.164846
2985 1.164526
2986 1.164312
2987 1.165066
2988 1.164977
2989 1.165914
2990 1.165772
2991 1.166377
2992 1.165469
2993 1.165042
2994 1.164603
2995 1.164858
2996 1.164484
2997 1.164158
2998 1.163773
2999 1.164057
3000 1.164075
