1 1.138556
2 1.117973
3 1.106751
4 1.099278
5 1.094409
6 1.089964
7 1.086027
8 1.081625
9 1.078030
10 1.073799
11 1.069338
12 1.065477
13 1.061732
14 1.057459
15 1.053434
16 1.050017
17 1.046972
18 1.043529
19 1.041320
20 1.039348
21 1.036700
22 1.033973
23 1.032003
24 1.030062
25 1.028185
26 1.026911
27 1.025986
28 1.025347
29 1.024052
30 1.022559
31 1.022272
32 1.021173
33 1.020606
34 1.020058
35 1.019128
36 1.018617
37 1.018252
38 1.018231
39 1.018072
40 1.018328
41 1.018520
42 1.018729
43 1.018684
44 1.019488
45 1.020259
46 1.020269
47 1.020760
48 1.021000
49 1.022084
50 1.023055
51 1.023603
52 1.024301
53 1.024937
54 1.026154
55 1.026942
56 1.027846
57 1.029049
58 1.029668
59 1.031227
60 1.031904
61 1.033411
62 1.034198
63 1.035278
64 1.036795
65 1.038266
66 1.039248
67 1.041068
68 1.042449
69 1.043743
70 1.045302
71 1.046911
72 1.048320
73 1.050152
74 1.051396
75 1.052717
76 1.054039
77 1.055615
78 1.057153
79 1.058904
80 1.060128
81 1.061429
82 1.063446
83 1.064421
84 1.065933
85 1.067900
86 1.070256
87 1.071386
88 1.073258
89 1.075512
90 1.077102
91 1.079157
92 1.080462
93 1.082256
94 1.083063
95 1.084200
96 1.085526
97 1.087226
98 1.088222
99 1.090061
100 1.091839
101 1.093146
102 1.094831
103 1.095614
104 1.096490
105 1.097828
106 1.098049
107 1.098784
108 1.100405
109 1.101494
110 1.102007
111 1.104071
112 1.104556
113 1.106380
114 1.107828
115 1.108955
116 1.110854
117 1.112220
118 1.113537
119 1.114819
120 1.115702
121 1.116380
122 1.116791
123 1.118241
124 1.119266
125 1.120248
126 1.121378
127 1.122011
128 1.123421
129 1.124868
130 1.125708
131 1.126231
132 1.126786
133 1.127828
134 1.128853
135 1.129178
136 1.130656
137 1.131772
138 1.132066
139 1.132699
140 1.133670
141 1.134830
142 1.134942
143 1.135896
144 1.136876
145 1.137592
146 1.138138
147 1.138734
148 1.140302
149 1.140554
150 1.141045
151 1.141589
152 1.142301
153 1.142927
154 1.143091
155 1.144773
156 1.145573
157 1.146002
158 1.146240
159 1.147103
160 1.147796
161 1.147948
162 1.148641
163 1.148988
164 1.150067
165 1.150219
166 1.150684
167 1.152044
168 1.151937
169 1.152784
170 1.153202
171 1.153836
172 1.154823
173 1.155411
174 1.155689
175 1.156534
176 1.156372
177 1.157478
178 1.158745
179 1.158662
180 1.158655
181 1.158423
182 1.158266
183 1.158798
184 1.158945
185 1.160440
186 1.161175
187 1.161861
188 1.162566
189 1.162649
190 1.163041
191 1.163719
192 1.163667
193 1.163876
194 1.164234
195 1.164341
196 1.164429
197 1.165255
198 1.166033
199 1.166211
200 1.166353
201 1.166814
202 1.167226
203 1.167267
204 1.168197
205 1.168252
206 1.169740
207 1.170421
208 1.170544
209 1.170247
210 1.170648
211 1.170620
212 1.170914
213 1.170708
214 1.171619
215 1.172438
216 1.173292
217 1.173235
218 1.173249
219 1.173133
220 1.173489
221 1.173598
222 1.174376
223 1.174248
224 1.173721
225 1.174224
226 1.174364
227 1.174955
228 1.175069
229 1.175207
230 1.175224
231 1.175041
232 1.175352
233 1.175048
234 1.174941
235 1.175083
236 1.175126
237 1.175017
238 1.175155
239 1.175245
240 1.175361
241 1.175819
242 1.175496
243 1.176230
244 1.176662
245 1.176975
246 1.177274
247 1.177504
248 1.177727
249 1.178135
250 1.178358
251 1.179106
252 1.179611
253 1.179998
254 1.180306
255 1.180890
256 1.180871
257 1.181021
258 1.180945
259 1.180999
260 1.180900
261 1.181049
262 1.181659
263 1.181647
264 1.181709
265 1.181142
266 1.181298
267 1.181500
268 1.182297
269 1.182207
270 1.182594
271 1.182074
272 1.182029
273 1.181101
274 1.181410
275 1.181711
276 1.181823
277 1.181828
278 1.182286
279 1.182556
280 1.182537
281 1.183040
282 1.183783
283 1.184329
284 1.184113
285 1.184590
286 1.184927
287 1.185506
288 1.185712
289 1.185491
290 1.185413
291 1.184837
292 1.184844
293 1.184996
294 1.185411
295 1.185757
296 1.185672
297 1.186203
298 1.185850
299 1.185776
300 1.185919
301 1.186517
302 1.186393
303 1.186488
304 1.186092
305 1.185648
306 1.186104
307 1.186313
308 1.185855
309 1.185961
310 1.186232
311 1.185888
312 1.186004
313 1.185855
314 1.186127
315 1.186241
316 1.185515
317 1.185491
318 1.185050
319 1.184941
320 1.184813
321 1.185264
322 1.185143
323 1.185586
324 1.185883
325 1.186358
326 1.186222
327 1.186476
328 1.186116
329 1.186229
330 1.186939
331 1.187307
332 1.187001
333 1.185902
334 1.185753
335 1.185753
336 1.185836
337 1.185707
338 1.186101
339 1.186089
340 1.186699
341 1.187134
342 1.186754
343 1.186773
344 1.186818
345 1.186298
346 1.186322
347 1.186009
348 1.186453
349 1.187729
350 1.187210
351 1.187385
352 1.187027
353 1.187214
354 1.187323
355 1.187214
356 1.187226
357 1.186400
358 1.186939
359 1.187041
360 1.187122
361 1.187556
362 1.188322
363 1.187810
364 1.188840
365 1.189122
366 1.189020
367 1.189393
368 1.189680
369 1.189775
370 1.190173
371 1.190591
372 1.190700
373 1.190264
374 1.189877
375 1.189737
376 1.189886
377 1.190183
378 1.190340
379 1.190273
380 1.189642
381 1.190413
382 1.190579
383 1.189891
384 1.190043
385 1.189352
386 1.189348
387 1.189765
388 1.189770
389 1.189438
390 1.188845
391 1.188714
392 1.188742
393 1.187891
394 1.187933
395 1.188220
396 1.188887
397 1.189234
398 1.189462
399 1.189865
400 1.190294
401 1.189791
402 1.189305
403 1.190116
404 1.190031
405 1.190719
406 1.190534
407 1.190591
408 1.190294
409 1.190634
410 1.190864
411 1.190456
412 1.190707
413 1.191267
414 1.191868
415 1.192200
416 1.191861
417 1.192326
418 1.192069
419 1.192606
420 1.192340
421 1.191858
422 1.192475
423 1.192122
424 1.192131
425 1.192390
426 1.191975
427 1.192364
428 1.192359
429 1.192321
430 1.192525
431 1.192141
432 1.192122
433 1.191858
434 1.190736
435 1.190636
436 1.190824
437 1.190574
438 1.190930
439 1.190975
440 1.190582
441 1.191210
442 1.190831
443 1.190501
444 1.190237
445 1.189941
446 1.190043
447 1.189884
448 1.189910
449 1.189464
450 1.189777
451 1.189744
452 1.189286
453 1.189699
454 1.189815
455 1.190356
456 1.190760
457 1.190453
458 1.190349
459 1.189737
460 1.189345
461 1.189791
462 1.189602
463 1.189993
464 1.189421
465 1.188911
466 1.189051
467 1.189450
468 1.188804
469 1.189006
470 1.189184
471 1.190045
472 1.189981
473 1.190017
474 1.189416
475 1.189798
476 1.190162
477 1.190392
478 1.189397
479 1.189711
480 1.189965
481 1.190254
482 1.190380
483 1.191021
484 1.191391
485 1.191436
486 1.191348
487 1.191220
488 1.191061
489 1.190781
490 1.191941
491 1.192665
492 1.192459
493 1.191813
494 1.191621
495 1.190902
496 1.190565
497 1.190252
498 1.189416
499 1.188852
500 1.188040
501 1.188351
502 1.188536
503 1.188306
504 1.188939
505 1.189049
506 1.188742
507 1.188524
508 1.188500
509 1.188035
510 1.188394
511 1.188705
512 1.188754
513 1.189583
514 1.189464
515 1.189424
516 1.189568
517 1.189604
518 1.189844
519 1.190190
520 1.190413
521 1.190223
522 1.190342
523 1.190162
524 1.190477
525 1.190465
526 1.190551
527 1.189965
528 1.189806
529 1.189965
530 1.190150
531 1.190548
532 1.190869
533 1.191545
534 1.191730
535 1.191811
536 1.191728
537 1.191676
538 1.191804
539 1.191564
540 1.190786
541 1.190335
542 1.191009
543 1.190544
544 1.190771
545 1.191149
546 1.191441
547 1.191379
548 1.192309
549 1.192675
550 1.191846
551 1.191471
552 1.191528
553 1.191780
554 1.191747
555 1.191498
556 1.190612
557 1.190750
558 1.189908
559 1.191068
560 1.190679
561 1.190164
562 1.189865
563 1.190216
564 1.189839
565 1.189514
566 1.189409
567 1.189141
568 1.189523
569 1.189236
570 1.189483
571 1.189343
572 1.190105
573 1.190019
574 1.190026
575 1.189955
576 1.190401
577 1.190245
578 1.190482
579 1.190057
580 1.190824
581 1.191073
582 1.190432
583 1.190413
584 1.190105
585 1.189620
586 1.189815
587 1.190278
588 1.189772
589 1.189367
590 1.189412
591 1.189687
592 1.189537
593 1.189927
594 1.189537
595 1.188928
596 1.189248
597 1.189136
598 1.190050
599 1.190532
600 1.190415
601 1.190828
602 1.190669
603 1.190968
604 1.190451
605 1.190351
606 1.191049
607 1.189962
608 1.189981
609 1.190036
610 1.190748
611 1.191092
612 1.191775
613 1.191507
614 1.190997
615 1.190461
616 1.190676
617 1.190157
618 1.190097
619 1.190019
620 1.189742
621 1.190517
622 1.190679
623 1.190790
624 1.191896
625 1.191481
626 1.191887
627 1.192190
628 1.192466
629 1.192535
630 1.192788
631 1.193154
632 1.192848
633 1.192708
634 1.192302
635 1.191891
636 1.191901
637 1.191913
638 1.191927
639 1.192188
640 1.192053
641 1.192793
642 1.191842
643 1.191937
644 1.191778
645 1.192554
646 1.192601
647 1.192447
648 1.192354
649 1.192468
650 1.192791
651 1.192126
652 1.192117
653 1.192107
654 1.192383
655 1.192881
656 1.193090
657 1.192938
658 1.193448
659 1.193337
660 1.193923
661 1.193057
662 1.193311
663 1.192898
664 1.193242
665 1.192205
666 1.191528
667 1.191182
668 1.191180
669 1.191557
670 1.191498
671 1.191258
672 1.191706
673 1.191358
674 1.191395
675 1.191944
676 1.192432
677 1.192328
678 1.192359
679 1.192577
680 1.192226
681 1.191410
682 1.191040
683 1.191142
684 1.191486
685 1.192024
686 1.191849
687 1.192086
688 1.192489
689 1.192931
690 1.192936
691 1.193842
692 1.193975
693 1.193954
694 1.193795
695 1.193289
696 1.192976
697 1.193004
698 1.193897
699 1.193375
700 1.193823
701 1.194371
702 1.194450
703 1.194798
704 1.194782
705 1.194946
706 1.194215
707 1.194139
708 1.193811
709 1.193541
710 1.193712
711 1.193206
712 1.192584
713 1.192660
714 1.192729
715 1.192518
716 1.192772
717 1.192727
718 1.192397
719 1.192724
720 1.192418
721 1.192209
722 1.191856
723 1.192043
724 1.191702
725 1.191787
726 1.192380
727 1.192311
728 1.192357
729 1.192255
730 1.192027
731 1.192307
732 1.192145
733 1.192421
734 1.192224
735 1.191910
736 1.192029
737 1.191944
738 1.191704
739 1.191872
740 1.191571
741 1.192236
742 1.192440
743 1.192812
744 1.193750
745 1.194072
746 1.193939
747 1.193678
748 1.194143
749 1.194343
750 1.194084
751 1.193154
752 1.193194
753 1.193057
754 1.193156
755 1.192568
756 1.192361
757 1.193111
758 1.193263
759 1.193045
760 1.193548
761 1.193885
762 1.194084
763 1.194030
764 1.193958
765 1.193526
766 1.193289
767 1.193761
768 1.193367
769 1.193223
770 1.192990
771 1.192810
772 1.192444
773 1.192224
774 1.191322
775 1.191683
776 1.191595
777 1.191286
778 1.191498
779 1.190959
780 1.191460
781 1.191972
782 1.192876
783 1.193026
784 1.193071
785 1.192615
786 1.192276
787 1.192176
788 1.191908
789 1.191830
790 1.192119
791 1.191816
792 1.192404
793 1.192888
794 1.193384
795 1.193583
796 1.193591
797 1.193987
798 1.194141
799 1.193619
800 1.194070
801 1.194665
802 1.194848
803 1.195090
804 1.195223
805 1.195956
806 1.195750
807 1.196213
808 1.195973
809 1.196540
810 1.196690
811 1.196564
812 1.196906
813 1.196341
814 1.196858
815 1.196519
816 1.195764
817 1.196054
818 1.196077
819 1.195793
820 1.195755
821 1.195890
822 1.195928
823 1.195088
824 1.195415
825 1.195821
826 1.195503
827 1.195306
828 1.196198
829 1.196037
830 1.195778
831 1.195956
832 1.195959
833 1.196198
834 1.196016
835 1.195726
836 1.196096
837 1.196047
838 1.195904
839 1.196182
840 1.195413
841 1.194590
842 1.193401
843 1.193382
844 1.194274
845 1.193868
846 1.193484
847 1.193004
848 1.193287
849 1.193631
850 1.193479
851 1.192656
852 1.192736
853 1.192414
854 1.192769
855 1.192478
856 1.191977
857 1.191711
858 1.191320
859 1.191388
860 1.190966
861 1.191621
862 1.191616
863 1.191481
864 1.191789
865 1.191619
866 1.192224
867 1.192532
868 1.192433
869 1.192247
870 1.191457
871 1.191626
872 1.191818
873 1.192302
874 1.192641
875 1.193322
876 1.192997
877 1.192414
878 1.193142
879 1.192807
880 1.193299
881 1.193728
882 1.193363
883 1.193723
884 1.192748
885 1.192433
886 1.192060
887 1.192067
888 1.192281
889 1.191910
890 1.191422
891 1.190290
892 1.190570
893 1.190688
894 1.190648
895 1.191424
896 1.191343
897 1.191825
898 1.192485
899 1.192110
900 1.192364
901 1.192748
902 1.192525
903 1.192520
904 1.192316
905 1.192874
906 1.193182
907 1.192404
908 1.192824
909 1.193778
910 1.193413
911 1.192860
912 1.192262
913 1.192093
914 1.191614
915 1.191407
916 1.191521
917 1.191770
918 1.191820
919 1.191721
920 1.191011
921 1.190999
922 1.191628
923 1.191374
924 1.191414
925 1.190724
926 1.191422
927 1.191272
928 1.191272
929 1.191218
930 1.190691
931 1.190994
932 1.191464
933 1.192077
934 1.192349
935 1.192031
936 1.191963
937 1.192219
938 1.191175
939 1.190622
940 1.190465
941 1.191134
942 1.191635
943 1.191785
944 1.191827
945 1.192043
946 1.191350
947 1.191989
948 1.191996
949 1.191977
950 1.191571
951 1.191161
952 1.191132
953 1.190712
954 1.191460
955 1.190994
956 1.191647
957 1.192124
958 1.192368
959 1.192639
960 1.192549
961 1.191991
962 1.192297
963 1.192753
964 1.192641
965 1.192366
966 1.191937
967 1.192034
968 1.191713
969 1.192266
970 1.192167
971 1.191946
972 1.191531
973 1.191804
974 1.191813
975 1.192494
976 1.192561
977 1.191937
978 1.191728
979 1.192257
980 1.192513
981 1.191820
982 1.191884
983 1.191664
984 1.191747
985 1.191972
986 1.191163
987 1.191308
988 1.191571
989 1.191104
990 1.191526
991 1.191025
992 1.190755
993 1.190520
994 1.191009
995 1.191910
996 1.191937
997 1.191400
998 1.191054
999 1.191934
1000 1.191203
