1 1.164129
2 1.150258
3 1.141520
4 1.136501
5 1.132235
6 1.128106
7 1.123983
8 1.118982
9 1.114325
10 1.109200
11 1.104246
12 1.099832
13 1.094671
14 1.090447
15 1.086122
16 1.082782
17 1.078262
18 1.074144
19 1.070769
20 1.067749
21 1.064498
22 1.060980
23 1.058631
24 1.057391
25 1.054632
26 1.052099
27 1.050343
28 1.048326
29 1.047039
30 1.046054
31 1.044132
32 1.042898
33 1.041498
34 1.039985
35 1.038727
36 1.037084
37 1.035298
38 1.034586
39 1.033958
40 1.032973
41 1.033056
42 1.032676
43 1.032587
44 1.032896
45 1.033489
46 1.033892
47 1.033952
48 1.033839
49 1.033750
50 1.034047
51 1.034207
52 1.034272
53 1.035055
54 1.034764
55 1.035880
56 1.036076
57 1.037381
58 1.038698
59 1.039694
60 1.041011
61 1.042607
62 1.043758
63 1.044648
64 1.045639
65 1.047620
66 1.048409
67 1.048302
68 1.049352
69 1.051180
70 1.052503
71 1.053671
72 1.053932
73 1.054443
74 1.055902
75 1.057213
76 1.058061
77 1.060500
78 1.061188
79 1.063478
80 1.064872
81 1.066391
82 1.068153
83 1.069167
84 1.070692
85 1.072323
86 1.073788
87 1.075438
88 1.076850
89 1.078849
90 1.081329
91 1.083381
92 1.084675
93 1.085754
94 1.087172
95 1.088910
96 1.089877
97 1.091616
98 1.092844
99 1.093556
100 1.094914
101 1.095946
102 1.095875
103 1.096629
104 1.097542
105 1.097946
106 1.098070
107 1.100277
108 1.101867
109 1.103374
110 1.105604
111 1.106358
112 1.106749
113 1.108149
114 1.108411
115 1.109170
116 1.110772
117 1.112249
118 1.114284
119 1.115844
120 1.115808
121 1.116769
122 1.117541
123 1.118852
124 1.120359
125 1.121640
126 1.122838
127 1.123699
128 1.124588
129 1.125704
130 1.127199
131 1.128658
132 1.130705
133 1.131369
134 1.132479
135 1.133232
136 1.134122
137 1.134869
138 1.136993
139 1.137468
140 1.138506
141 1.140232
142 1.141633
143 1.142321
144 1.142683
145 1.143566
146 1.145150
147 1.144308
148 1.144474
149 1.144984
150 1.145762
151 1.146201
152 1.146889
153 1.148129
154 1.147927
155 1.148182
156 1.148135
157 1.149997
158 1.151125
159 1.152109
160 1.152364
161 1.152447
162 1.152056
163 1.153023
164 1.152958
165 1.154358
166 1.154969
167 1.154963
168 1.155081
169 1.156499
170 1.156938
171 1.157816
172 1.159240
173 1.159448
174 1.159406
175 1.159531
176 1.158985
177 1.159845
178 1.160071
179 1.160474
180 1.160498
181 1.161720
182 1.162586
183 1.164004
184 1.164573
185 1.164312
186 1.165196
187 1.165985
188 1.165790
189 1.166300
190 1.165315
191 1.166015
192 1.167658
193 1.167024
194 1.167107
195 1.167166
196 1.166958
197 1.167071
198 1.168103
199 1.169747
200 1.169325
201 1.170737
202 1.171663
203 1.172084
204 1.171265
205 1.173087
206 1.173858
207 1.174706
208 1.174967
209 1.176166
210 1.176563
211 1.176860
212 1.177222
213 1.176723
214 1.176106
215 1.176907
216 1.177346
217 1.176824
218 1.176373
219 1.175804
220 1.176100
221 1.176172
222 1.176444
223 1.176290
224 1.176284
225 1.176213
226 1.176605
227 1.177228
228 1.177655
229 1.177827
230 1.178289
231 1.177761
232 1.177471
233 1.177933
234 1.179156
235 1.179630
236 1.180573
237 1.180306
238 1.180473
239 1.180455
240 1.181380
241 1.183350
242 1.183385
243 1.183830
244 1.183071
245 1.183095
246 1.183083
247 1.182282
248 1.182697
249 1.181867
250 1.181754
251 1.181422
252 1.180057
253 1.181386
254 1.181066
255 1.180912
256 1.181612
257 1.181529
258 1.181612
259 1.181487
260 1.182021
261 1.182341
262 1.181517
263 1.182146
264 1.182454
265 1.182970
266 1.183492
267 1.183919
268 1.183824
269 1.184726
270 1.183765
271 1.184987
272 1.185225
273 1.185646
274 1.186180
275 1.186636
276 1.185954
277 1.185225
278 1.184774
279 1.184293
280 1.184685
281 1.184946
282 1.184352
283 1.183961
284 1.183617
285 1.184068
286 1.184726
287 1.185794
288 1.187200
289 1.187070
290 1.186417
291 1.186114
292 1.186666
293 1.186832
294 1.186975
295 1.188090
296 1.187930
297 1.187882
298 1.188298
299 1.187965
300 1.188392
301 1.188203
302 1.187253
303 1.187075
304 1.187319
305 1.187817
306 1.187603
307 1.186500
308 1.186061
309 1.186530
310 1.188131
311 1.188861
312 1.188903
313 1.188873
314 1.188428
315 1.188630
316 1.188570
317 1.188398
318 1.188653
319 1.187864
320 1.188541
321 1.188321
322 1.188897
323 1.188428
324 1.189104
325 1.189265
326 1.188861
327 1.188274
328 1.189015
329 1.189674
330 1.189199
331 1.189994
332 1.190083
333 1.189793
334 1.189330
335 1.188879
336 1.189466
337 1.189632
338 1.188802
339 1.190143
340 1.190902
341 1.190920
342 1.191584
343 1.191584
344 1.190860
345 1.190819
346 1.190694
347 1.190765
348 1.190718
349 1.191685
350 1.191157
351 1.191365
352 1.191139
353 1.190137
354 1.190297
355 1.189597
356 1.189508
357 1.189021
358 1.189650
359 1.189686
360 1.190143
361 1.190926
362 1.191554
363 1.192082
364 1.192694
365 1.194100
366 1.192444
367 1.192468
368 1.192569
369 1.192735
370 1.192777
371 1.193079
372 1.192480
373 1.193079
374 1.192599
375 1.192433
376 1.191519
377 1.191044
378 1.190789
379 1.191821
380 1.192320
381 1.192237
382 1.191169
383 1.191549
384 1.190742
385 1.191365
386 1.191151
387 1.192189
388 1.192836
389 1.193281
390 1.193726
391 1.193625
392 1.193619
393 1.193678
394 1.193352
395 1.193595
396 1.194485
397 1.194473
398 1.194865
399 1.193898
400 1.194788
401 1.195132
402 1.194455
403 1.194165
404 1.193767
405 1.193055
406 1.193222
407 1.193554
408 1.192403
409 1.192688
410 1.193293
411 1.192480
412 1.193672
413 1.193115
414 1.192913
415 1.191709
416 1.191721
417 1.192011
418 1.193121
419 1.192634
420 1.191703
421 1.191466
422 1.191193
423 1.192824
424 1.193969
425 1.194794
426 1.194699
427 1.193275
428 1.193358
429 1.193773
430 1.194568
431 1.193732
432 1.193750
433 1.193933
434 1.193785
435 1.193862
436 1.194473
437 1.193993
438 1.194521
439 1.193506
440 1.191827
441 1.191816
442 1.192806
443 1.191774
444 1.192231
445 1.192344
446 1.192106
447 1.192919
448 1.193488
449 1.192937
450 1.192521
451 1.192189
452 1.193091
453 1.193453
454 1.193868
455 1.193370
456 1.194604
457 1.194942
458 1.194189
459 1.196093
460 1.196556
461 1.196395
462 1.195529
463 1.194740
464 1.195565
465 1.195945
466 1.196473
467 1.196431
468 1.196022
469 1.196781
470 1.197036
471 1.196206
472 1.195393
473 1.194633
474 1.193429
475 1.192747
476 1.192231
477 1.193269
478 1.192391
479 1.193168
480 1.193542
481 1.193328
482 1.193488
483 1.192587
484 1.192533
485 1.192492
486 1.193773
487 1.193678
488 1.193827
489 1.193210
490 1.192960
491 1.192688
492 1.193067
493 1.193073
494 1.192836
495 1.193583
496 1.194319
497 1.194746
498 1.195096
499 1.195025
500 1.195262
