1 1.138328
2 1.117707
3 1.106827
4 1.098794
5 1.094606
6 1.090156
7 1.085879
8 1.081091
9 1.076067
10 1.071493
11 1.066385
12 1.060933
13 1.057124
14 1.053511
15 1.049044
16 1.046018
17 1.043408
18 1.040003
19 1.035773
20 1.033839
21 1.030962
22 1.027901
23 1.026506
24 1.024946
25 1.023457
26 1.021618
27 1.019951
28 1.018676
29 1.018373
30 1.016931
31 1.016065
32 1.015282
33 1.013710
34 1.011414
35 1.011533
36 1.010299
37 1.009587
38 1.009771
39 1.010684
40 1.010839
41 1.010910
42 1.011070
43 1.011835
44 1.012512
45 1.012814
46 1.012506
47 1.012108
48 1.011539
49 1.011966
50 1.012701
51 1.012814
52 1.013841
53 1.014635
54 1.016409
55 1.017572
56 1.018604
57 1.019269
58 1.020040
59 1.021197
60 1.022496
61 1.023410
62 1.024157
63 1.026097
64 1.027361
65 1.028274
66 1.029354
67 1.029532
68 1.030274
69 1.031543
70 1.032065
71 1.032967
72 1.033922
73 1.035316
74 1.036710
75 1.038099
76 1.038407
77 1.041130
78 1.043248
79 1.044589
80 1.045573
81 1.048018
82 1.049863
83 1.050248
84 1.051079
85 1.053256
86 1.054804
87 1.056661
88 1.058115
89 1.058803
90 1.060684
91 1.062499
92 1.063763
93 1.065346
94 1.067043
95 1.068793
96 1.069861
97 1.070870
98 1.072602
99 1.073711
100 1.074269
101 1.076049
102 1.076802
103 1.078629
104 1.079412
105 1.080249
106 1.080112
107 1.080112
108 1.081109
109 1.081815
110 1.083512
111 1.084224
112 1.085220
113 1.087279
114 1.089355
115 1.090192
116 1.091734
117 1.092120
118 1.094220
119 1.094843
120 1.096551
121 1.097394
122 1.098224
123 1.099304
124 1.100010
125 1.100627
126 1.102086
127 1.103949
128 1.105403
129 1.105895
130 1.106987
131 1.106916
132 1.107983
133 1.108766
134 1.109176
135 1.110730
136 1.112213
137 1.112563
138 1.113827
139 1.115452
140 1.115903
141 1.118021
142 1.119718
143 1.121622
144 1.121397
145 1.121361
146 1.122032
147 1.122565
148 1.123574
149 1.125152
150 1.125923
151 1.126208
152 1.127614
153 1.128112
154 1.129720
155 1.131346
156 1.131559
157 1.132437
158 1.133351
159 1.135243
160 1.137195
161 1.138257
162 1.138008
163 1.137990
164 1.138874
165 1.139639
166 1.138927
167 1.138132
168 1.137966
169 1.137622
170 1.137029
171 1.137308
172 1.138542
173 1.139295
174 1.139550
175 1.140778
176 1.142261
177 1.143068
178 1.143335
179 1.144047
180 1.144522
181 1.144919
182 1.143756
183 1.144658
184 1.144777
185 1.146082
186 1.147624
187 1.148301
188 1.148467
189 1.148544
190 1.148235
191 1.148212
192 1.148372
193 1.148502
194 1.150199
195 1.150976
196 1.151077
197 1.151279
198 1.151813
199 1.151925
200 1.152192
201 1.152952
202 1.153355
203 1.154370
204 1.154862
205 1.153586
206 1.153231
207 1.153557
208 1.153106
209 1.153800
210 1.153456
211 1.154049
212 1.154631
213 1.155248
214 1.154097
215 1.154951
216 1.154767
217 1.155515
218 1.156410
219 1.156102
220 1.156529
221 1.156458
222 1.156339
223 1.156298
224 1.156713
225 1.157146
226 1.157864
227 1.157905
228 1.159472
229 1.158771
230 1.159317
231 1.159454
232 1.161281
233 1.161595
234 1.161370
235 1.161916
236 1.162076
237 1.161981
238 1.162189
239 1.162527
240 1.162574
241 1.163316
242 1.162064
243 1.163132
244 1.161922
245 1.163684
246 1.164502
247 1.165024
248 1.165368
249 1.166424
250 1.166929
251 1.165303
252 1.165855
253 1.166270
254 1.166757
255 1.168038
256 1.167694
257 1.166591
258 1.166466
259 1.167124
260 1.167302
261 1.167018
262 1.166288
263 1.164769
264 1.164585
265 1.164799
266 1.165879
267 1.166335
268 1.166371
269 1.165760
270 1.166294
271 1.165600
272 1.165558
273 1.165463
274 1.165879
275 1.165309
276 1.164633
277 1.164846
278 1.165920
279 1.167154
280 1.167166
281 1.167664
282 1.168329
283 1.168441
284 1.168863
285 1.169029
286 1.168453
287 1.169183
288 1.169331
289 1.169563
290 1.168803
291 1.168768
292 1.169165
293 1.167457
294 1.168352
295 1.168287
296 1.167605
297 1.167374
298 1.167047
299 1.167178
300 1.167504
301 1.168186
302 1.168145
303 1.168139
304 1.167000
305 1.167249
306 1.166418
307 1.166442
308 1.166674
309 1.166519
310 1.165979
311 1.166602
312 1.166519
313 1.165018
314 1.165285
315 1.165392
316 1.165754
317 1.165843
318 1.166276
319 1.166401
320 1.166804
321 1.166413
322 1.165457
323 1.164734
324 1.165001
325 1.164858
326 1.164793
327 1.164651
328 1.164633
329 1.165084
330 1.166460
331 1.165873
332 1.166324
333 1.166757
334 1.166911
335 1.167071
336 1.167403
337 1.168222
338 1.168916
339 1.168358
340 1.168851
341 1.168987
342 1.169130
343 1.169563
344 1.170292
345 1.169640
346 1.169165
347 1.169699
348 1.170868
349 1.171325
350 1.171924
351 1.172031
352 1.171319
353 1.171603
354 1.172808
355 1.172108
356 1.172648
357 1.171906
358 1.171918
359 1.171520
360 1.171016
361 1.171449
362 1.171675
363 1.171390
364 1.172048
365 1.172351
366 1.173158
367 1.173650
368 1.173009
369 1.172938
370 1.173407
371 1.173994
372 1.174659
373 1.173662
374 1.174054
375 1.174012
376 1.175056
377 1.174843
378 1.174119
379 1.172719
380 1.172837
381 1.173698
382 1.173407
383 1.173371
384 1.173164
385 1.174065
386 1.174273
387 1.175050
388 1.174730
389 1.174588
390 1.174297
391 1.173905
392 1.173917
393 1.174724
394 1.175210
395 1.174760
396 1.173870
397 1.175027
398 1.175537
399 1.175620
400 1.175347
401 1.175507
402 1.175584
403 1.175721
404 1.175649
405 1.175353
406 1.176450
407 1.176527
408 1.176462
409 1.177536
410 1.177447
411 1.178218
412 1.178147
413 1.178141
414 1.177512
415 1.178568
416 1.178539
417 1.178022
418 1.177536
419 1.177085
420 1.176557
421 1.175928
422 1.175857
423 1.176599
424 1.176895
425 1.176403
426 1.176640
427 1.175744
428 1.176255
429 1.176124
430 1.176545
431 1.176397
432 1.176771
433 1.176201
434 1.175774
435 1.175471
436 1.175982
437 1.177133
438 1.177293
439 1.176338
440 1.176688
441 1.176527
442 1.177233
443 1.177305
444 1.177115
445 1.177168
446 1.177435
447 1.176124
448 1.175448
449 1.175062
450 1.175602
451 1.175988
452 1.177417
453 1.177334
454 1.177560
455 1.178740
456 1.178432
457 1.176682
458 1.177073
459 1.176723
460 1.176302
461 1.176848
462 1.176735
463 1.175833
464 1.175857
465 1.177311
466 1.176433
467 1.177536
468 1.178307
469 1.178426
470 1.178076
471 1.178224
472 1.178171
473 1.178355
474 1.178094
475 1.178301
476 1.178883
477 1.178106
478 1.178094
479 1.176646
480 1.176261
481 1.174760
482 1.174071
483 1.173804
484 1.174042
485 1.174077
486 1.174659
487 1.174546
488 1.176047
489 1.175199
490 1.174801
491 1.174593
492 1.176172
493 1.176961
494 1.177376
495 1.177904
496 1.178847
497 1.178307
498 1.178533
499 1.178361
500 1.177388
501 1.177720
502 1.177613
503 1.177512
504 1.178028
505 1.177222
506 1.177708
507 1.176931
508 1.177162
509 1.177429
510 1.176711
511 1.177939
512 1.177708
513 1.178681
514 1.178693
515 1.177625
516 1.177400
517 1.177578
518 1.177672
519 1.178503
520 1.178171
521 1.177714
522 1.178349
523 1.178628
524 1.179067
525 1.176806
526 1.177192
527 1.178325
528 1.178722
529 1.178936
530 1.178592
531 1.179345
532 1.178746
533 1.177714
534 1.177400
535 1.177352
536 1.177251
537 1.177121
538 1.176972
539 1.176326
540 1.176860
541 1.178082
542 1.177619
543 1.178711
544 1.178206
545 1.177684
546 1.178040
547 1.179037
548 1.178539
549 1.177957
550 1.178717
551 1.180075
552 1.179363
553 1.180550
554 1.180627
555 1.180603
556 1.180301
557 1.179689
558 1.179820
559 1.180140
560 1.180419
561 1.180704
562 1.179838
563 1.179951
564 1.180123
565 1.179701
566 1.179695
567 1.180075
568 1.180004
569 1.179399
570 1.180200
571 1.178900
572 1.178153
573 1.178776
574 1.178200
575 1.178378
576 1.178918
577 1.179434
578 1.178918
579 1.177601
580 1.177032
581 1.176652
582 1.176670
583 1.176332
584 1.176747
585 1.175721
586 1.175074
587 1.174623
588 1.173882
589 1.175157
590 1.175163
591 1.175649
592 1.175377
593 1.175400
594 1.175127
595 1.174920
596 1.174410
597 1.174356
598 1.176367
599 1.176231
600 1.176367
601 1.175074
602 1.175436
603 1.176486
604 1.176533
605 1.176154
606 1.175976
607 1.175240
608 1.175003
609 1.175027
610 1.175501
611 1.176047
612 1.176077
613 1.176984
614 1.176783
615 1.176700
616 1.176284
617 1.176243
618 1.177085
619 1.176581
620 1.177738
621 1.176557
622 1.177322
623 1.176812
624 1.177061
625 1.177115
626 1.177180
627 1.178005
628 1.177815
629 1.177690
630 1.176616
631 1.175436
632 1.174593
633 1.174012
634 1.173799
635 1.173223
636 1.172677
637 1.171746
638 1.172790
639 1.173229
640 1.174487
641 1.174730
642 1.175216
643 1.174392
644 1.175673
645 1.175365
646 1.176255
647 1.175934
648 1.176889
649 1.177204
650 1.177607
651 1.177429
652 1.177560
653 1.177239
654 1.178408
655 1.178361
656 1.178165
657 1.177334
658 1.177269
659 1.177061
660 1.177631
661 1.177512
662 1.178343
663 1.177904
664 1.177566
665 1.177352
666 1.177281
667 1.178165
668 1.178307
669 1.178017
670 1.177862
671 1.178972
672 1.179713
673 1.180241
674 1.180134
675 1.179879
676 1.179322
677 1.178800
678 1.178206
679 1.178491
680 1.179096
681 1.179067
682 1.177512
683 1.177542
684 1.176640
685 1.176255
686 1.176581
687 1.176177
688 1.176599
689 1.176943
690 1.176599
691 1.177020
692 1.176438
693 1.176480
694 1.176984
695 1.176937
696 1.176498
697 1.176694
698 1.176688
699 1.175412
700 1.177263
701 1.176949
702 1.177299
703 1.176777
704 1.176083
705 1.177554
706 1.176302
707 1.176433
708 1.177305
709 1.177204
710 1.177595
711 1.176611
712 1.176385
713 1.177613
714 1.177844
715 1.177583
716 1.178592
717 1.179013
718 1.178497
719 1.179749
720 1.180425
721 1.181493
722 1.181807
723 1.181095
724 1.179820
725 1.179654
726 1.179310
727 1.178070
728 1.177667
729 1.177512
730 1.179049
731 1.178817
732 1.178153
733 1.178260
734 1.179227
735 1.178135
736 1.178663
737 1.179512
738 1.178984
739 1.179808
740 1.178835
741 1.178444
742 1.178574
743 1.178657
744 1.179630
745 1.180443
746 1.180105
747 1.179974
748 1.180443
749 1.180105
750 1.179707
751 1.179832
752 1.178954
753 1.178823
754 1.178539
755 1.179428
756 1.179215
757 1.179595
758 1.180467
759 1.180212
760 1.180971
761 1.181754
762 1.181896
763 1.182650
764 1.183557
765 1.182852
766 1.182519
767 1.181552
768 1.180888
769 1.180989
770 1.181048
771 1.180965
772 1.180716
773 1.181001
774 1.181807
775 1.183136
776 1.182460
777 1.181689
778 1.181333
779 1.181499
780 1.182240
781 1.181778
782 1.180763
783 1.180959
784 1.181066
785 1.180271
786 1.180959
787 1.181226
788 1.180716
789 1.181155
790 1.180870
791 1.181196
792 1.180182
793 1.180081
794 1.179624
795 1.179583
796 1.178788
797 1.178740
798 1.178918
799 1.179387
800 1.179850
801 1.180894
802 1.181362
803 1.182157
804 1.182401
805 1.182804
806 1.182929
807 1.182436
808 1.182478
809 1.182840
810 1.183243
811 1.183569
812 1.183919
813 1.183902
814 1.183813
815 1.182175
816 1.183107
817 1.182140
818 1.182585
819 1.182585
820 1.181890
821 1.180906
822 1.181351
823 1.182466
824 1.182312
825 1.182721
826 1.182377
827 1.182466
828 1.181790
829 1.182798
830 1.183403
831 1.183213
832 1.184050
833 1.183451
834 1.182840
835 1.181398
836 1.181653
837 1.180953
838 1.181677
839 1.181606
840 1.182395
841 1.182899
842 1.183783
843 1.181831
844 1.182039
845 1.182792
846 1.181226
847 1.180550
848 1.179310
849 1.179316
850 1.180568
851 1.179351
852 1.179523
853 1.179067
854 1.178788
855 1.178924
856 1.178984
857 1.178634
858 1.179197
859 1.178978
860 1.178657
861 1.179351
862 1.179482
863 1.180556
864 1.180449
865 1.179939
866 1.179577
867 1.178835
868 1.178811
869 1.179055
870 1.178545
871 1.177595
872 1.178610
873 1.179280
874 1.179417
875 1.178889
876 1.178378
877 1.179203
878 1.179268
879 1.178984
880 1.180051
881 1.180941
882 1.179832
883 1.180223
884 1.179814
885 1.180728
886 1.180425
887 1.180591
888 1.179784
889 1.179043
890 1.179452
891 1.179731
892 1.178639
893 1.178954
894 1.178711
895 1.178930
896 1.178177
897 1.178064
898 1.178841
899 1.179446
900 1.179962
901 1.179512
902 1.178325
903 1.179150
904 1.179945
905 1.179684
906 1.179126
907 1.178414
908 1.178853
909 1.178883
910 1.179013
911 1.179245
912 1.178604
913 1.179245
914 1.179049
915 1.178319
916 1.177898
917 1.178414
918 1.178550
919 1.178788
920 1.178562
921 1.178011
922 1.179417
923 1.179274
924 1.179689
925 1.179256
926 1.180004
927 1.180223
928 1.179790
929 1.177963
930 1.178082
931 1.178295
932 1.177720
933 1.178432
934 1.178040
935 1.177708
936 1.176777
937 1.177139
938 1.177945
939 1.177714
940 1.178954
941 1.178776
942 1.179221
943 1.178705
944 1.178503
945 1.178580
946 1.177886
947 1.177554
948 1.178011
949 1.179470
950 1.178865
951 1.179654
952 1.180455
953 1.180473
954 1.179577
955 1.178930
956 1.177963
957 1.178230
958 1.177405
959 1.177963
960 1.178384
961 1.178651
962 1.177993
963 1.177667
964 1.177044
965 1.177328
966 1.178396
967 1.178616
968 1.178378
969 1.178628
970 1.178088
971 1.178011
972 1.177892
973 1.178159
974 1.177963
975 1.179351
976 1.179037
977 1.179399
978 1.179345
979 1.178372
980 1.179328
981 1.178159
982 1.177382
983 1.177714
984 1.176806
985 1.177803
986 1.177702
987 1.177281
988 1.177275
989 1.177672
990 1.177827
991 1.178289
992 1.178989
993 1.179239
994 1.179256
995 1.180342
996 1.180146
997 1.180028
998 1.179428
999 1.178693
1000 1.179606
1001 1.179796
1002 1.180200
1003 1.179381
1004 1.179221
1005 1.179102
1006 1.179084
1007 1.178989
1008 1.178396
1009 1.178361
1010 1.178598
1011 1.178598
1012 1.179458
1013 1.179310
1014 1.179411
1015 1.179150
1016 1.179203
1017 1.178722
1018 1.177993
1019 1.176931
1020 1.177394
1021 1.176836
1022 1.177180
1023 1.177678
1024 1.177933
1025 1.178402
1026 1.177916
1027 1.177714
1028 1.177032
1029 1.177085
1030 1.178634
1031 1.177174
1032 1.177518
1033 1.178367
1034 1.177904
1035 1.178461
1036 1.176937
1037 1.177239
1038 1.178022
1039 1.177655
1040 1.177494
1041 1.177133
1042 1.177002
1043 1.176237
1044 1.176059
1045 1.175276
1046 1.177008
1047 1.175910
1048 1.176913
1049 1.176587
1050 1.176984
1051 1.175851
1052 1.176065
1053 1.176800
1054 1.176403
1055 1.174700
1056 1.176118
1057 1.176290
1058 1.175887
1059 1.176077
1060 1.176456
1061 1.177061
1062 1.177447
1063 1.178889
1064 1.180259
1065 1.178966
1066 1.178562
1067 1.177833
1068 1.178005
1069 1.179826
1070 1.180579
1071 1.179891
1072 1.179191
1073 1.179565
1074 1.179256
1075 1.179630
1076 1.178432
1077 1.178076
1078 1.177447
1079 1.177702
1080 1.177572
1081 1.178242
1082 1.178657
1083 1.179043
1084 1.180413
1085 1.180763
1086 1.180283
1087 1.180805
1088 1.180894
1089 1.180900
1090 1.181529
1091 1.182329
1092 1.181843
1093 1.181991
1094 1.182946
1095 1.183919
1096 1.183991
1097 1.184097
1098 1.183700
1099 1.183184
1100 1.183065
1101 1.180947
1102 1.180728
1103 1.180295
1104 1.180200
1105 1.179310
1106 1.179962
1107 1.180799
1108 1.181392
1109 1.181760
1110 1.180318
1111 1.180989
1112 1.181303
1113 1.181629
1114 1.181380
1115 1.181066
1116 1.181772
1117 1.181665
1118 1.181208
1119 1.180425
1120 1.180324
1121 1.180401
1122 1.180651
1123 1.179897
1124 1.181303
1125 1.180348
1126 1.178586
1127 1.178183
1128 1.178094
1129 1.178622
1130 1.177672
1131 1.178978
1132 1.178402
1133 1.177038
1134 1.177933
1135 1.179120
1136 1.178307
1137 1.179482
1138 1.179156
1139 1.179458
1140 1.179013
1141 1.179571
1142 1.180117
1143 1.179707
1144 1.179517
1145 1.179565
1146 1.179464
1147 1.179755
1148 1.180532
1149 1.180212
1150 1.178580
1151 1.177655
1152 1.178289
1153 1.179761
1154 1.178984
1155 1.180793
1156 1.180983
1157 1.180579
1158 1.180117
1159 1.180354
1160 1.180490
1161 1.180395
1162 1.180342
1163 1.180929
1164 1.179565
1165 1.178527
1166 1.179357
1167 1.178776
1168 1.179334
1169 1.180378
1170 1.180028
1171 1.180140
1172 1.179642
1173 1.180413
1174 1.180324
1175 1.180876
1176 1.180662
1177 1.180935
1178 1.181273
1179 1.180894
1180 1.181730
1181 1.180882
1182 1.180010
1183 1.178355
1184 1.178349
1185 1.178936
1186 1.178853
1187 1.179980
1188 1.178788
1189 1.177957
1190 1.178811
1191 1.178539
1192 1.178657
1193 1.177969
1194 1.177785
1195 1.178473
1196 1.177904
1197 1.178628
1198 1.178456
1199 1.177833
1200 1.177370
1201 1.177613
1202 1.177073
1203 1.177744
1204 1.178444
1205 1.178177
1206 1.177524
1207 1.178539
1208 1.178426
1209 1.178218
1210 1.178325
1211 1.177554
1212 1.178527
1213 1.178550
1214 1.178562
1215 1.178390
1216 1.178295
1217 1.177560
1218 1.177162
1219 1.177121
1220 1.176664
1221 1.176397
1222 1.175507
1223 1.176694
1224 1.177204
1225 1.176955
1226 1.177210
1227 1.176705
1228 1.176527
1229 1.177423
1230 1.178017
1231 1.178456
1232 1.178912
1233 1.178728
1234 1.178853
1235 1.178473
1236 1.178639
1237 1.178823
1238 1.179832
1239 1.178432
1240 1.177079
1241 1.178147
1242 1.178456
1243 1.177607
1244 1.177263
1245 1.178106
1246 1.178248
1247 1.177922
1248 1.177388
1249 1.177637
1250 1.178094
1251 1.178088
1252 1.178135
1253 1.178539
1254 1.178580
1255 1.179150
1256 1.179055
1257 1.179796
1258 1.179838
1259 1.181161
1260 1.180894
1261 1.180318
1262 1.180781
1263 1.181036
1264 1.180128
1265 1.180455
1266 1.180229
1267 1.180918
1268 1.180645
1269 1.179719
1270 1.180040
1271 1.179986
1272 1.180111
1273 1.179862
1274 1.180793
1275 1.180532
1276 1.180585
1277 1.180538
1278 1.181499
1279 1.180431
1280 1.180194
1281 1.179648
1282 1.178924
1283 1.179506
1284 1.179328
1285 1.178871
1286 1.178800
1287 1.179399
1288 1.179862
1289 1.181095
1290 1.181155
1291 1.181309
1292 1.181315
1293 1.181653
1294 1.181190
1295 1.180544
1296 1.180223
1297 1.180603
1298 1.181054
1299 1.181131
1300 1.180645
1301 1.180562
1302 1.180520
1303 1.181564
1304 1.180573
1305 1.180609
1306 1.180787
1307 1.182021
1308 1.181689
1309 1.181499
1310 1.181380
1311 1.180656
1312 1.179434
1313 1.179583
1314 1.178883
1315 1.180016
1316 1.179393
1317 1.179612
1318 1.179844
1319 1.179375
1320 1.179185
1321 1.178669
1322 1.179156
1323 1.178242
1324 1.179446
1325 1.180579
1326 1.180318
1327 1.180111
1328 1.180740
1329 1.180568
1330 1.179606
1331 1.178995
1332 1.179654
1333 1.179719
1334 1.178966
1335 1.178918
1336 1.179334
1337 1.179630
1338 1.180888
1339 1.182062
1340 1.181701
1341 1.182116
1342 1.181968
1343 1.182472
1344 1.181540
1345 1.181469
1346 1.180562
1347 1.180906
1348 1.180668
1349 1.180734
1350 1.180158
1351 1.178592
1352 1.177880
1353 1.177667
1354 1.176759
1355 1.177417
1356 1.176824
1357 1.176575
1358 1.176877
1359 1.176379
1360 1.176071
1361 1.176438
1362 1.176759
1363 1.176486
1364 1.176344
1365 1.176403
1366 1.177429
1367 1.179067
1368 1.179328
1369 1.179464
1370 1.179262
1371 1.179559
1372 1.179535
1373 1.179790
1374 1.179992
1375 1.180277
1376 1.179814
1377 1.181095
1378 1.181701
1379 1.181315
1380 1.181362
1381 1.180965
1382 1.181018
1383 1.180063
1384 1.180384
1385 1.179523
1386 1.180069
1387 1.180093
1388 1.181398
1389 1.180306
1390 1.181179
1391 1.180479
1392 1.180668
1393 1.180206
1394 1.181902
1395 1.181339
1396 1.180722
1397 1.181268
1398 1.180526
1399 1.180164
1400 1.180342
1401 1.180372
1402 1.180022
1403 1.180591
1404 1.181113
1405 1.180479
1406 1.180128
1407 1.180194
1408 1.178853
1409 1.178461
1410 1.178153
1411 1.178177
1412 1.178877
1413 1.179784
1414 1.179215
1415 1.177957
1416 1.178129
1417 1.177518
1418 1.178711
1419 1.178752
1420 1.179351
1421 1.178645
1422 1.178669
1423 1.178461
1424 1.179179
1425 1.177975
1426 1.177251
1427 1.177067
1428 1.176522
1429 1.177785
1430 1.178545
1431 1.179144
1432 1.177839
1433 1.177465
1434 1.177678
1435 1.178367
1436 1.177815
1437 1.176498
1438 1.175922
1439 1.175928
1440 1.176029
1441 1.175555
1442 1.174849
1443 1.175798
1444 1.176415
1445 1.178046
1446 1.178740
1447 1.177032
1448 1.176616
1449 1.176640
1450 1.176017
1451 1.177020
1452 1.177061
1453 1.177180
1454 1.176486
1455 1.176361
1456 1.176557
1457 1.176207
1458 1.175928
1459 1.177038
1460 1.177803
1461 1.179227
1462 1.178645
1463 1.179423
1464 1.179618
1465 1.180989
1466 1.182134
1467 1.182341
1468 1.181451
1469 1.181974
1470 1.182650
1471 1.181529
1472 1.181256
1473 1.180342
1474 1.180318
1475 1.180484
1476 1.179962
1477 1.180241
1478 1.179381
1479 1.178722
1480 1.179719
1481 1.179761
1482 1.179933
1483 1.179535
1484 1.179571
1485 1.179310
1486 1.179571
1487 1.179452
1488 1.177928
1489 1.178313
1490 1.177400
1491 1.177328
1492 1.176587
1493 1.175928
1494 1.176741
1495 1.177121
1496 1.176587
1497 1.176278
1498 1.176225
1499 1.176883
1500 1.177168
1501 1.177613
1502 1.177073
1503 1.175863
1504 1.176219
1505 1.176094
1506 1.175780
1507 1.175756
1508 1.174688
1509 1.175347
1510 1.175833
1511 1.175703
1512 1.175697
1513 1.175655
1514 1.175566
1515 1.176100
1516 1.177316
1517 1.178028
1518 1.177583
1519 1.178746
1520 1.178521
1521 1.178574
1522 1.178438
1523 1.178011
1524 1.177340
1525 1.176943
1526 1.178212
1527 1.177572
1528 1.178450
1529 1.179523
1530 1.179043
1531 1.180217
1532 1.180971
1533 1.180609
1534 1.180099
1535 1.179737
1536 1.179565
1537 1.179227
1538 1.179073
1539 1.178236
1540 1.177150
1541 1.177346
1542 1.177607
1543 1.177898
1544 1.177957
1545 1.176349
1546 1.175525
1547 1.175916
1548 1.175644
1549 1.175703
1550 1.176860
1551 1.176812
1552 1.176872
1553 1.176201
1554 1.175400
1555 1.175916
1556 1.176124
1557 1.176201
1558 1.176860
1559 1.177210
1560 1.178028
1561 1.177833
1562 1.178331
1563 1.178628
1564 1.178592
1565 1.179132
1566 1.178835
1567 1.180336
1568 1.181131
1569 1.181434
1570 1.181861
1571 1.182039
1572 1.182668
1573 1.182828
1574 1.183308
1575 1.182941
1576 1.182525
1577 1.181796
1578 1.182128
1579 1.181291
1580 1.180840
1581 1.179933
1582 1.180057
1583 1.180401
1584 1.179838
1585 1.179814
1586 1.181238
1587 1.181641
1588 1.182146
1589 1.182300
1590 1.183433
1591 1.183896
1592 1.183593
1593 1.183534
1594 1.183124
1595 1.182834
1596 1.183314
1597 1.184655
1598 1.184987
1599 1.185391
1600 1.184020
1601 1.184673
1602 1.184151
1603 1.183996
1604 1.183421
1605 1.183557
1606 1.182739
1607 1.182389
1608 1.182466
1609 1.182027
1610 1.182347
1611 1.182958
1612 1.182834
1613 1.182982
1614 1.183670
1615 1.184026
1616 1.183664
1617 1.184952
1618 1.185681
1619 1.185302
1620 1.185284
1621 1.185153
1622 1.184904
1623 1.184507
1624 1.184952
1625 1.185646
1626 1.185996
1627 1.185468
1628 1.185569
1629 1.185735
1630 1.185521
1631 1.184987
1632 1.184780
1633 1.184750
1634 1.183706
1635 1.185325
1636 1.185486
1637 1.186251
1638 1.186850
1639 1.186642
1640 1.187301
1641 1.186613
1642 1.187010
1643 1.186874
1644 1.186826
1645 1.186103
1646 1.186037
1647 1.185491
1648 1.184928
1649 1.184430
1650 1.184424
1651 1.183130
1652 1.182501
1653 1.183184
1654 1.182472
1655 1.182312
1656 1.181226
1657 1.181167
1658 1.181214
1659 1.180556
1660 1.180568
1661 1.180923
1662 1.180348
1663 1.179873
1664 1.181119
1665 1.180123
1666 1.180627
1667 1.180692
1668 1.179980
1669 1.179642
1670 1.179547
1671 1.181196
1672 1.181796
1673 1.180520
1674 1.180751
1675 1.181825
1676 1.181701
1677 1.182857
1678 1.182656
1679 1.182579
1680 1.182347
1681 1.182318
1682 1.181801
1683 1.182057
1684 1.182383
1685 1.182810
1686 1.182792
1687 1.182513
1688 1.181819
1689 1.182086
1690 1.181101
1691 1.181001
1692 1.181422
1693 1.181285
1694 1.181742
1695 1.181368
1696 1.182324
1697 1.180912
1698 1.180123
1699 1.180787
1700 1.180615
1701 1.180360
1702 1.180105
1703 1.178829
1704 1.177928
1705 1.177791
1706 1.178236
1707 1.178088
1708 1.178972
1709 1.180158
1710 1.179719
1711 1.180117
1712 1.180069
1713 1.179790
1714 1.180028
1715 1.179885
1716 1.180158
1717 1.182015
1718 1.181552
1719 1.181125
1720 1.180134
1721 1.180722
1722 1.180360
1723 1.181451
1724 1.181131
1725 1.180259
1726 1.180342
1727 1.179215
1728 1.178361
1729 1.178657
1730 1.179096
1731 1.178746
1732 1.178954
1733 1.178580
1734 1.179334
1735 1.179790
1736 1.179310
1737 1.180040
1738 1.179915
1739 1.179921
1740 1.180550
1741 1.180484
1742 1.181273
1743 1.180799
1744 1.180443
1745 1.180829
1746 1.180769
1747 1.179523
1748 1.179114
1749 1.178936
1750 1.178900
1751 1.178930
1752 1.178811
1753 1.178503
1754 1.178230
1755 1.178651
1756 1.178230
1757 1.178906
1758 1.177690
1759 1.177097
1760 1.177109
1761 1.176682
1762 1.176783
1763 1.177014
1764 1.177441
1765 1.177809
1766 1.178651
1767 1.179221
1768 1.178746
1769 1.179512
1770 1.179239
1771 1.180496
1772 1.180342
1773 1.180241
1774 1.181256
1775 1.182525
1776 1.181825
1777 1.182128
1778 1.181588
1779 1.181173
1780 1.182418
1781 1.182857
1782 1.182828
1783 1.181843
1784 1.181861
1785 1.181107
1786 1.180609
1787 1.180318
1788 1.180455
1789 1.180431
1790 1.180117
1791 1.179974
1792 1.179945
1793 1.179832
1794 1.180045
1795 1.179903
1796 1.179197
1797 1.179339
1798 1.179256
1799 1.178984
1800 1.178171
1801 1.177791
1802 1.177993
1803 1.178598
1804 1.177494
1805 1.177144
1806 1.176777
1807 1.176219
1808 1.176296
1809 1.176272
1810 1.176379
1811 1.176990
1812 1.177127
1813 1.177287
1814 1.178254
1815 1.180413
1816 1.179084
1817 1.178206
1818 1.178835
1819 1.179144
1820 1.178794
1821 1.179428
1822 1.179565
1823 1.178954
1824 1.178206
1825 1.178634
1826 1.177928
1827 1.177975
1828 1.177880
1829 1.177417
1830 1.176877
1831 1.176866
1832 1.177204
1833 1.176700
1834 1.176142
1835 1.175549
1836 1.176522
1837 1.177055
1838 1.175673
1839 1.176302
1840 1.177044
1841 1.177150
1842 1.177127
1843 1.178088
1844 1.178343
1845 1.177625
1846 1.176278
1847 1.177239
1848 1.176575
1849 1.175839
1850 1.175934
1851 1.176640
1852 1.177174
1853 1.178005
1854 1.179067
1855 1.178889
1856 1.178788
1857 1.179304
1858 1.179547
1859 1.179512
1860 1.178545
1861 1.179262
1862 1.178966
1863 1.179339
1864 1.179185
1865 1.178966
1866 1.178628
1867 1.177512
1868 1.178556
1869 1.179381
1870 1.179025
1871 1.179369
1872 1.179262
1873 1.178355
1874 1.177684
1875 1.177489
1876 1.178776
1877 1.178580
1878 1.179245
1879 1.179227
1880 1.179073
1881 1.178206
1882 1.177417
1883 1.177904
1884 1.177299
1885 1.177263
1886 1.177411
1887 1.176788
1888 1.177299
1889 1.177702
1890 1.177928
1891 1.177975
1892 1.178693
1893 1.177928
1894 1.177785
1895 1.177898
1896 1.178426
1897 1.178224
1898 1.179150
1899 1.179482
1900 1.179529
1901 1.179761
1902 1.179701
1903 1.180123
1904 1.180217
1905 1.179796
1906 1.179630
1907 1.178989
1908 1.178070
1909 1.178467
1910 1.179120
1911 1.177945
1912 1.177655
1913 1.178230
1914 1.178752
1915 1.179725
1916 1.180508
1917 1.180312
1918 1.180093
1919 1.180194
1920 1.181843
1921 1.182252
1922 1.181991
1923 1.180805
1924 1.182169
1925 1.182970
1926 1.182804
1927 1.181469
1928 1.180532
1929 1.180556
1930 1.180473
1931 1.180449
1932 1.180508
1933 1.180087
1934 1.180069
1935 1.179114
1936 1.179215
1937 1.179102
1938 1.178610
1939 1.178930
1940 1.178361
1941 1.179256
1942 1.179381
1943 1.178278
1944 1.178100
1945 1.177684
1946 1.177744
1947 1.177322
1948 1.177435
1949 1.179084
1950 1.179120
1951 1.179945
1952 1.179802
1953 1.179820
1954 1.180395
1955 1.179701
1956 1.181339
1957 1.181938
1958 1.182193
1959 1.181558
1960 1.181434
1961 1.179927
1962 1.180496
1963 1.181487
1964 1.181315
1965 1.181807
1966 1.180953
1967 1.180283
1968 1.181345
1969 1.180983
1970 1.180716
1971 1.180105
1972 1.179310
1973 1.179185
1974 1.179316
1975 1.179755
1976 1.180045
1977 1.180508
1978 1.181262
1979 1.180852
1980 1.181493
1981 1.181398
1982 1.181695
1983 1.182585
1984 1.182193
1985 1.182027
1986 1.182407
1987 1.182163
1988 1.182383
1989 1.183089
1990 1.182543
1991 1.182757
1992 1.181908
1993 1.181279
1994 1.182561
1995 1.183124
1996 1.182644
1997 1.182668
1998 1.182899
1999 1.182519
2000 1.182685
2001 1.181962
2002 1.181511
2003 1.180971
2004 1.180502
2005 1.179808
2006 1.180692
2007 1.181422
2008 1.181831
2009 1.180437
2010 1.179921
2011 1.179292
2012 1.179761
2013 1.179695
2014 1.180496
2015 1.179968
2016 1.179250
2017 1.178717
2018 1.178189
2019 1.178954
2020 1.179013
2021 1.180057
2022 1.181042
2023 1.180277
2024 1.180627
2025 1.179903
2026 1.179778
2027 1.180194
2028 1.180520
2029 1.180372
2030 1.180289
2031 1.181606
2032 1.181511
2033 1.181386
2034 1.181428
2035 1.180793
2036 1.179796
2037 1.178545
2038 1.177797
2039 1.177459
2040 1.178183
2041 1.179482
2042 1.179458
2043 1.179399
2044 1.179547
2045 1.179725
2046 1.180455
2047 1.179927
2048 1.180057
2049 1.180633
2050 1.181534
2051 1.182407
2052 1.182033
2053 1.181831
2054 1.181351
2055 1.180823
2056 1.181101
2057 1.181546
2058 1.181499
2059 1.181262
2060 1.182300
2061 1.181760
2062 1.181184
2063 1.180870
2064 1.180556
2065 1.180087
2066 1.179654
2067 1.179909
2068 1.180045
2069 1.178337
2070 1.179007
2071 1.178283
2072 1.178100
2073 1.177411
2074 1.177275
2075 1.177548
2076 1.178147
2077 1.177637
2078 1.177542
2079 1.177524
2080 1.177898
2081 1.178402
2082 1.179512
2083 1.178895
2084 1.178521
2085 1.178183
2086 1.179203
2087 1.178325
2088 1.177773
2089 1.177714
2090 1.176824
2091 1.177322
2092 1.177554
2093 1.178183
2094 1.178064
2095 1.177797
2096 1.178040
2097 1.178491
2098 1.177922
2099 1.177204
2100 1.177287
2101 1.176047
2102 1.176160
2103 1.175460
2104 1.176753
2105 1.176237
2106 1.176088
2107 1.176474
2108 1.176794
2109 1.177400
2110 1.176889
2111 1.177477
2112 1.177922
2113 1.178331
2114 1.178450
2115 1.178610
2116 1.179221
2117 1.178900
2118 1.178171
2119 1.177453
2120 1.177714
2121 1.177874
2122 1.177109
2123 1.177198
2124 1.177489
2125 1.177809
2126 1.177376
2127 1.177803
2128 1.177916
2129 1.176901
2130 1.177162
2131 1.177281
2132 1.176438
2133 1.177916
2134 1.177471
2135 1.177518
2136 1.177738
2137 1.178960
2138 1.178331
2139 1.177708
2140 1.176533
2141 1.176569
2142 1.175703
2143 1.175127
2144 1.176041
2145 1.176800
2146 1.176824
2147 1.177400
2148 1.177761
2149 1.176700
2150 1.176741
2151 1.176065
2152 1.176379
2153 1.175762
2154 1.175816
2155 1.176522
2156 1.176296
2157 1.176895
2158 1.176688
2159 1.175501
2160 1.174985
2161 1.174463
2162 1.174843
2163 1.175644
2164 1.175329
2165 1.175406
2166 1.175709
2167 1.176266
2168 1.177560
2169 1.178319
2170 1.177210
2171 1.176777
2172 1.176652
2173 1.176818
2174 1.176136
2175 1.178171
2176 1.177726
2177 1.177500
2178 1.178123
2179 1.178224
2180 1.178325
2181 1.178461
2182 1.179055
2183 1.179387
2184 1.178509
2185 1.178960
2186 1.179185
2187 1.179612
2188 1.179506
2189 1.179737
2190 1.180200
2191 1.180840
2192 1.181540
2193 1.181558
2194 1.181054
2195 1.181446
2196 1.181647
2197 1.181440
2198 1.182733
2199 1.183202
2200 1.182644
2201 1.183771
2202 1.182324
2203 1.181534
2204 1.180384
2205 1.179927
2206 1.179796
2207 1.180134
2208 1.179256
2209 1.179648
2210 1.179624
2211 1.180200
2212 1.181398
2213 1.181214
2214 1.181238
2215 1.181042
2216 1.180336
2217 1.179423
2218 1.178984
2219 1.179007
2220 1.180128
2221 1.179707
2222 1.178663
2223 1.178070
2224 1.178574
2225 1.177346
2226 1.177649
2227 1.177429
2228 1.176972
2229 1.176741
2230 1.176966
2231 1.176599
2232 1.177204
2233 1.176243
2234 1.176664
2235 1.175727
2236 1.175347
2237 1.176296
2238 1.176415
2239 1.176575
2240 1.175400
2241 1.175442
2242 1.175038
2243 1.174973
2244 1.173751
2245 1.174392
2246 1.175952
2247 1.175311
2248 1.175323
2249 1.175056
2250 1.175596
2251 1.176765
2252 1.175608
2253 1.175531
2254 1.175715
2255 1.175644
2256 1.175537
2257 1.175910
2258 1.176397
2259 1.176053
2260 1.176848
2261 1.177536
2262 1.176824
2263 1.176504
2264 1.177566
2265 1.178254
2266 1.177975
2267 1.178082
2268 1.177607
2269 1.178224
2270 1.177465
2271 1.177405
2272 1.178177
2273 1.179660
2274 1.178906
2275 1.178924
2276 1.179173
2277 1.178847
2278 1.178663
2279 1.179108
2280 1.178865
2281 1.179417
2282 1.180977
2283 1.180740
2284 1.180455
2285 1.179909
2286 1.180484
2287 1.180206
2288 1.178722
2289 1.177797
2290 1.178639
2291 1.177898
2292 1.177655
2293 1.177803
2294 1.176729
2295 1.176616
2296 1.177346
2297 1.178200
2298 1.178865
2299 1.178432
2300 1.177922
2301 1.178195
2302 1.178883
2303 1.179221
2304 1.178568
2305 1.178912
2306 1.177417
2307 1.177993
2308 1.177228
2309 1.178598
2310 1.179043
2311 1.178918
2312 1.179025
2313 1.178989
2314 1.178948
2315 1.179393
2316 1.178390
2317 1.177803
2318 1.178034
2319 1.178301
2320 1.178758
2321 1.178509
2322 1.178183
2323 1.178788
2324 1.179571
2325 1.179292
2326 1.179019
2327 1.180051
2328 1.179630
2329 1.180514
2330 1.180977
2331 1.180508
2332 1.180223
2333 1.180200
2334 1.180805
2335 1.181101
2336 1.180040
2337 1.179488
2338 1.180040
2339 1.179986
2340 1.179725
2341 1.178758
2342 1.178503
2343 1.179262
2344 1.179891
2345 1.178841
2346 1.178473
2347 1.178912
2348 1.179250
2349 1.179221
2350 1.178966
2351 1.177868
2352 1.178331
2353 1.178770
2354 1.179067
2355 1.180010
2356 1.179684
2357 1.180621
2358 1.181386
2359 1.182092
2360 1.182792
2361 1.182329
2362 1.181807
2363 1.181748
2364 1.180953
2365 1.181451
2366 1.180686
2367 1.179090
2368 1.177969
2369 1.178918
2370 1.178545
2371 1.177239
2372 1.176747
2373 1.176367
2374 1.176664
2375 1.177239
2376 1.177667
2377 1.178390
2378 1.179055
2379 1.178426
2380 1.177755
2381 1.178325
2382 1.178325
2383 1.179043
2384 1.180306
2385 1.179482
2386 1.179108
2387 1.179078
2388 1.179618
2389 1.179031
2390 1.179310
2391 1.179482
2392 1.179363
2393 1.178776
2394 1.178491
2395 1.180063
2396 1.180081
2397 1.180989
2398 1.181962
2399 1.181149
2400 1.181202
2401 1.181422
2402 1.181754
2403 1.181244
2404 1.181190
2405 1.181309
2406 1.181956
2407 1.180722
2408 1.180971
2409 1.181303
2410 1.182051
2411 1.181801
2412 1.181374
2413 1.181232
2414 1.181001
2415 1.181048
2416 1.180834
2417 1.180912
2418 1.181066
2419 1.180769
2420 1.181190
2421 1.180680
2422 1.180906
2423 1.180941
2424 1.181683
2425 1.181606
2426 1.181149
2427 1.180253
2428 1.181262
2429 1.180977
2430 1.181612
2431 1.181837
2432 1.182952
2433 1.182590
2434 1.181754
2435 1.181066
2436 1.182057
2437 1.182608
2438 1.181974
2439 1.182573
2440 1.182697
2441 1.182863
2442 1.182383
2443 1.181760
2444 1.181309
2445 1.181404
2446 1.181938
2447 1.182371
2448 1.181463
2449 1.181084
2450 1.181167
2451 1.180532
2452 1.179897
2453 1.180680
2454 1.181078
2455 1.180164
2456 1.180413
2457 1.180022
2458 1.179624
2459 1.179500
2460 1.179280
2461 1.179126
2462 1.179820
2463 1.179873
2464 1.180283
2465 1.182098
2466 1.182519
2467 1.182751
2468 1.181736
2469 1.181487
2470 1.181594
2471 1.181327
2472 1.181968
2473 1.182674
2474 1.182555
2475 1.182329
2476 1.180508
2477 1.180651
2478 1.180858
2479 1.181422
2480 1.181297
2481 1.180496
2482 1.181268
2483 1.180941
2484 1.181754
2485 1.182911
2486 1.182691
2487 1.183219
2488 1.183795
2489 1.183688
2490 1.184803
2491 1.183724
2492 1.182745
2493 1.182229
2494 1.182786
2495 1.181647
2496 1.181398
2497 1.181208
2498 1.180858
2499 1.179992
2500 1.180336
2501 1.181819
2502 1.181511
2503 1.180870
2504 1.181523
2505 1.181362
2506 1.182371
2507 1.182199
2508 1.181985
2509 1.182146
2510 1.182335
2511 1.182424
2512 1.181517
2513 1.181600
2514 1.182240
2515 1.182561
2516 1.181974
2517 1.181754
2518 1.181813
2519 1.181849
2520 1.180811
2521 1.181546
2522 1.180603
2523 1.180455
2524 1.180265
2525 1.180680
2526 1.179494
2527 1.179411
2528 1.179357
2529 1.179725
2530 1.179814
2531 1.179856
2532 1.178639
2533 1.177898
2534 1.178889
2535 1.178610
2536 1.179856
2537 1.180645
2538 1.180882
2539 1.180431
2540 1.180508
2541 1.181196
2542 1.181024
2543 1.179814
2544 1.179351
2545 1.179322
2546 1.180016
2547 1.180301
2548 1.181505
2549 1.180556
2550 1.181143
2551 1.181819
2552 1.180941
2553 1.181214
2554 1.181879
2555 1.182359
2556 1.182110
2557 1.181481
2558 1.181529
2559 1.181244
2560 1.182134
2561 1.181890
2562 1.181262
2563 1.181914
2564 1.182840
2565 1.181855
2566 1.181837
2567 1.182098
2568 1.183000
2569 1.182638
2570 1.183522
2571 1.182887
2572 1.182347
2573 1.182869
2574 1.182181
2575 1.181683
2576 1.181422
2577 1.182329
2578 1.182739
2579 1.183896
2580 1.182573
2581 1.182822
2582 1.182852
2583 1.182602
2584 1.183202
2585 1.183190
2586 1.182027
2587 1.181487
2588 1.181226
2589 1.181612
2590 1.182501
2591 1.183249
2592 1.182763
2593 1.182774
2594 1.183445
2595 1.183795
2596 1.184928
2597 1.185035
2598 1.183771
2599 1.183575
2600 1.184702
2601 1.183996
2602 1.184121
2603 1.184062
2604 1.184418
2605 1.183059
2606 1.183024
2607 1.183611
2608 1.182875
2609 1.183617
2610 1.182668
2611 1.182727
2612 1.182401
2613 1.182816
2614 1.182709
2615 1.184133
2616 1.184026
2617 1.181861
2618 1.180698
2619 1.180953
2620 1.179778
2621 1.180010
2622 1.180514
2623 1.181244
2624 1.182335
2625 1.182804
2626 1.183326
2627 1.183581
2628 1.183024
2629 1.183059
2630 1.182994
2631 1.182365
2632 1.182187
2633 1.182329
2634 1.182460
2635 1.182596
2636 1.182335
2637 1.181825
2638 1.183190
2639 1.182988
2640 1.182869
2641 1.183682
2642 1.183617
2643 1.183575
2644 1.183029
2645 1.181736
2646 1.181890
2647 1.181890
2648 1.181001
2649 1.181511
2650 1.181938
2651 1.182146
2652 1.183296
2653 1.184281
2654 1.183819
2655 1.184008
2656 1.183730
2657 1.183148
2658 1.182798
2659 1.182994
2660 1.182846
2661 1.183925
2662 1.183474
2663 1.182733
2664 1.183308
2665 1.183380
2666 1.182952
2667 1.183083
2668 1.183516
2669 1.183362
2670 1.183409
2671 1.182223
2672 1.182246
2673 1.180354
2674 1.178989
2675 1.178586
2676 1.177839
2677 1.178177
2678 1.178165
2679 1.178183
2680 1.178129
2681 1.178200
2682 1.178106
2683 1.179031
2684 1.179102
2685 1.178639
2686 1.178930
2687 1.177174
2688 1.178242
2689 1.178467
2690 1.178669
2691 1.179820
2692 1.178491
2693 1.178206
2694 1.178248
2695 1.178823
2696 1.179037
2697 1.178895
2698 1.178082
2699 1.178823
2700 1.178634
2701 1.179589
2702 1.179731
2703 1.179689
2704 1.179547
2705 1.178728
2706 1.178432
2707 1.177144
2708 1.177803
2709 1.178331
2710 1.178639
2711 1.178930
2712 1.178479
2713 1.179292
2714 1.179262
2715 1.179808
2716 1.181066
2717 1.181345
2718 1.181760
2719 1.182122
2720 1.182062
2721 1.183249
2722 1.183783
2723 1.184151
2724 1.183860
2725 1.183403
2726 1.182306
2727 1.182306
2728 1.181422
2729 1.180051
2730 1.179025
2731 1.179310
2732 1.178883
2733 1.179191
2734 1.177981
2735 1.176961
2736 1.176373
2737 1.177975
2738 1.178141
2739 1.179660
2740 1.179903
2741 1.180455
2742 1.179850
2743 1.180330
2744 1.180935
2745 1.180959
2746 1.181095
2747 1.181564
2748 1.181582
2749 1.182383
2750 1.182519
2751 1.182033
2752 1.182240
2753 1.181843
2754 1.182365
2755 1.182027
2756 1.182887
2757 1.182329
2758 1.182015
2759 1.182626
2760 1.182199
2761 1.181173
2762 1.179968
2763 1.180757
2764 1.181914
2765 1.181380
2766 1.180787
2767 1.181665
2768 1.180591
2769 1.181161
2770 1.180354
2771 1.181422
2772 1.180425
2773 1.180419
2774 1.179844
2775 1.179749
2776 1.179179
2777 1.179150
2778 1.178278
2779 1.178088
2780 1.179144
2781 1.178592
2782 1.179351
2783 1.179411
2784 1.178811
2785 1.178556
2786 1.178978
2787 1.179262
2788 1.180105
2789 1.180057
2790 1.179826
2791 1.179808
2792 1.179903
2793 1.180532
2794 1.180348
2795 1.180941
2796 1.181048
2797 1.180123
2798 1.180229
2799 1.179731
2800 1.179233
2801 1.179203
2802 1.179648
2803 1.180662
2804 1.180603
2805 1.179642
2806 1.180449
2807 1.180639
2808 1.180496
2809 1.180413
2810 1.180075
2811 1.180645
2812 1.180508
2813 1.179885
2814 1.178895
2815 1.179915
2816 1.180324
2817 1.180010
2818 1.179470
2819 1.178740
2820 1.179031
2821 1.178266
2822 1.178681
2823 1.178972
2824 1.179161
2825 1.179470
2826 1.179761
2827 1.180479
2828 1.180532
2829 1.179879
2830 1.178746
2831 1.179375
2832 1.179227
2833 1.178752
2834 1.179322
2835 1.179001
2836 1.179387
2837 1.180152
2838 1.179701
2839 1.179517
2840 1.180158
2841 1.180627
2842 1.181606
2843 1.181309
2844 1.181131
2845 1.181819
2846 1.182039
2847 1.183225
2848 1.183919
2849 1.183694
2850 1.183913
2851 1.184216
2852 1.181997
2853 1.182590
2854 1.182721
2855 1.182834
2856 1.183427
2857 1.182519
2858 1.182211
2859 1.182810
2860 1.182490
2861 1.182964
2862 1.182341
2863 1.182905
2864 1.183943
2865 1.184008
2866 1.183397
2867 1.183842
2868 1.183445
2869 1.182703
2870 1.181879
2871 1.182187
2872 1.181351
2873 1.181084
2874 1.180520
2875 1.179672
2876 1.179915
2877 1.180140
2878 1.179873
2879 1.180793
2880 1.181279
2881 1.181831
2882 1.181962
2883 1.180111
2884 1.179458
2885 1.180004
2886 1.179820
2887 1.179731
2888 1.179280
2889 1.179161
2890 1.178728
2891 1.178289
2892 1.178936
2893 1.178651
2894 1.178669
2895 1.178159
2896 1.178758
2897 1.178800
2898 1.178485
2899 1.178734
2900 1.178556
2901 1.179873
2902 1.178533
2903 1.178046
2904 1.178153
2905 1.178171
2906 1.179043
2907 1.178948
2908 1.178147
2909 1.178022
2910 1.178153
2911 1.178669
2912 1.179387
2913 1.179678
2914 1.179535
2915 1.179090
2916 1.180318
2917 1.179452
2918 1.178930
2919 1.179517
2920 1.178461
2921 1.179375
2922 1.179084
2923 1.178900
2924 1.179120
2925 1.179019
2926 1.179067
2927 1.178681
2928 1.179464
2929 1.178853
2930 1.178076
2931 1.178853
2932 1.177916
2933 1.178361
2934 1.178094
2935 1.177186
2936 1.176059
2937 1.175715
2938 1.176492
2939 1.177222
2940 1.177020
2941 1.176195
2942 1.176824
2943 1.175608
2944 1.174760
2945 1.174997
2946 1.174332
2947 1.174267
2948 1.174896
2949 1.175537
2950 1.175282
2951 1.175626
2952 1.175952
2953 1.175382
2954 1.174819
2955 1.174748
2956 1.175294
2957 1.175816
2958 1.175614
2959 1.176349
2960 1.177714
2961 1.178533
2962 1.179013
2963 1.179084
2964 1.178829
2965 1.178378
2966 1.177441
2967 1.177578
2968 1.178117
2969 1.177999
2970 1.177228
2971 1.177322
2972 1.178420
2973 1.178473
2974 1.178746
2975 1.179322
2976 1.178942
2977 1.178123
2978 1.177785
2979 1.177477
2980 1.176605
2981 1.176682
2982 1.176949
2983 1.177233
2984 1.178028
2985 1.178022
2986 1.179446
2987 1.180876
2988 1.180277
2989 1.180496
2990 1.180253
2991 1.180140
2992 1.180336
2993 1.179755
2994 1.180200
2995 1.179820
2996 1.179541
2997 1.178046
2998 1.178556
2999 1.177939
3000 1.176700
