1 1.138556
2 1.118241
3 1.106957
4 1.099660
5 1.094772
6 1.090617
7 1.086348
8 1.081775
9 1.077907
10 1.074207
11 1.069907
12 1.066241
13 1.062871
14 1.058479
15 1.054649
16 1.051049
17 1.047974
18 1.044493
19 1.042333
20 1.040276
21 1.037765
22 1.035644
23 1.033650
24 1.031994
25 1.030456
26 1.029158
27 1.027253
28 1.026005
29 1.024550
30 1.023136
31 1.022977
32 1.022322
33 1.021776
34 1.021173
35 1.020601
36 1.020891
37 1.020580
38 1.019949
39 1.019930
40 1.019555
41 1.019835
42 1.020065
43 1.020397
44 1.020188
45 1.020300
46 1.020739
47 1.021140
48 1.021973
49 1.022466
50 1.022049
51 1.023760
52 1.025357
53 1.026669
54 1.027768
55 1.028415
56 1.029301
57 1.031092
58 1.031795
59 1.032867
60 1.034056
61 1.035553
62 1.036609
63 1.037739
64 1.038674
65 1.039338
66 1.040724
67 1.042400
68 1.043662
69 1.045242
70 1.046911
71 1.048619
72 1.049604
73 1.050888
74 1.052338
75 1.053095
76 1.054656
77 1.056016
78 1.057933
79 1.059390
80 1.060584
81 1.061773
82 1.063206
83 1.064535
84 1.066224
85 1.066687
86 1.067636
87 1.068806
88 1.070204
89 1.071844
90 1.073640
91 1.074539
92 1.076241
93 1.077534
94 1.079316
95 1.081068
96 1.082181
97 1.083391
98 1.084072
99 1.086022
100 1.087565
101 1.089796
102 1.090771
103 1.092064
104 1.093573
105 1.094594
106 1.096409
107 1.097959
108 1.099800
109 1.101131
110 1.102714
111 1.103585
112 1.105457
113 1.106347
114 1.106952
115 1.107835
116 1.109143
117 1.110638
118 1.111667
119 1.113245
120 1.114764
121 1.115581
122 1.116314
123 1.116947
124 1.118072
125 1.118627
126 1.120054
127 1.121043
128 1.122650
129 1.123516
130 1.124299
131 1.125754
132 1.126610
133 1.128048
134 1.128637
135 1.129536
136 1.130488
137 1.131292
138 1.132182
139 1.131643
140 1.133136
141 1.134090
142 1.134702
143 1.135369
144 1.136022
145 1.136821
146 1.138293
147 1.138874
148 1.139128
149 1.140594
150 1.141980
151 1.142165
152 1.143072
153 1.143883
154 1.144562
155 1.144968
156 1.145506
157 1.145561
158 1.145874
159 1.146140
160 1.146876
161 1.147400
162 1.148563
163 1.149052
164 1.149975
165 1.150041
166 1.150869
167 1.151164
168 1.151717
169 1.151885
170 1.151778
171 1.151845
172 1.152153
173 1.152794
174 1.153693
175 1.154415
176 1.155169
177 1.156054
178 1.156650
179 1.157015
180 1.156890
181 1.157706
182 1.158456
183 1.158565
184 1.159384
185 1.159956
186 1.160504
187 1.160705
188 1.161382
189 1.161871
190 1.162336
191 1.162708
192 1.162564
193 1.163048
194 1.164115
195 1.164590
196 1.165843
197 1.166322
198 1.166109
199 1.166647
200 1.166448
201 1.166465
202 1.167343
203 1.167034
204 1.167760
205 1.167658
206 1.168245
207 1.169058
208 1.169830
209 1.170131
210 1.170095
211 1.170731
212 1.171170
213 1.171113
214 1.171844
215 1.171768
216 1.171666
217 1.171975
218 1.172196
219 1.172352
220 1.172936
221 1.173085
222 1.172753
223 1.173055
224 1.173306
225 1.173180
226 1.173363
227 1.173539
228 1.173332
229 1.173536
230 1.174020
231 1.175193
232 1.175515
233 1.175997
234 1.176374
235 1.176154
236 1.176123
237 1.176415
238 1.176671
239 1.176937
240 1.177039
241 1.176671
242 1.177093
243 1.177269
244 1.178005
245 1.178166
246 1.178320
247 1.177480
248 1.178005
249 1.177976
250 1.177812
251 1.178005
252 1.178593
253 1.178607
254 1.178567
255 1.178517
256 1.178130
257 1.177884
258 1.178292
259 1.178577
260 1.179008
261 1.178899
262 1.178925
263 1.178299
264 1.178320
265 1.177979
266 1.178166
267 1.178679
268 1.178081
269 1.178636
270 1.178437
271 1.178002
272 1.178140
273 1.178223
274 1.178596
275 1.178999
276 1.179357
277 1.179818
278 1.180603
279 1.181113
280 1.180874
281 1.181080
282 1.181726
283 1.181839
284 1.182058
285 1.181882
286 1.182729
287 1.182940
288 1.183631
289 1.183415
290 1.183076
291 1.183019
292 1.182696
293 1.183085
294 1.183166
295 1.183266
296 1.183501
297 1.183686
298 1.183916
299 1.184080
300 1.183935
301 1.184044
302 1.184689
303 1.184533
304 1.184618
305 1.184191
306 1.184454
307 1.184998
308 1.184680
309 1.184772
310 1.184210
311 1.184324
312 1.185155
313 1.185259
314 1.185484
315 1.185501
316 1.184901
317 1.185693
318 1.185539
319 1.185071
320 1.184753
321 1.184832
322 1.184072
323 1.183932
324 1.183925
325 1.183949
326 1.184725
327 1.184922
328 1.185332
329 1.184874
330 1.185117
331 1.184727
332 1.184618
333 1.184575
334 1.184220
335 1.184405
336 1.184201
337 1.184395
338 1.184312
339 1.183489
340 1.184082
341 1.184732
342 1.184402
343 1.184144
344 1.183978
345 1.184061
346 1.184322
347 1.184305
348 1.184739
349 1.184443
350 1.185136
351 1.185598
352 1.185724
353 1.185128
354 1.184903
355 1.184789
356 1.184699
357 1.185060
358 1.184818
359 1.184682
360 1.184837
361 1.184794
362 1.185024
363 1.185710
364 1.186381
365 1.186305
366 1.186880
367 1.186657
368 1.186270
369 1.186184
370 1.185698
371 1.185793
372 1.185855
373 1.185757
374 1.185741
375 1.186222
376 1.185973
377 1.186507
378 1.186315
379 1.186177
380 1.186021
381 1.186353
382 1.186597
383 1.186491
384 1.186491
385 1.186144
386 1.186443
387 1.186424
388 1.186500
389 1.186289
390 1.186270
391 1.185935
392 1.186237
393 1.185349
394 1.186018
395 1.186790
396 1.186856
397 1.186782
398 1.187169
399 1.187482
400 1.186884
401 1.186393
402 1.186837
403 1.187468
404 1.187297
405 1.186880
406 1.187233
407 1.187741
408 1.187684
409 1.188050
410 1.187931
411 1.187905
412 1.187808
413 1.187285
414 1.187466
415 1.187539
416 1.187447
417 1.187862
418 1.187380
419 1.187895
420 1.187369
421 1.187675
422 1.187599
423 1.187570
424 1.187784
425 1.188199
426 1.188529
427 1.188123
428 1.188009
429 1.187845
430 1.188360
431 1.188422
432 1.189006
433 1.188882
434 1.189049
435 1.188674
436 1.188804
437 1.188277
438 1.187841
439 1.187774
440 1.188436
441 1.188771
442 1.189196
443 1.189255
444 1.189390
445 1.190031
446 1.190083
447 1.190501
448 1.190634
449 1.189331
450 1.188852
451 1.189165
452 1.188890
453 1.188785
454 1.188154
455 1.187684
456 1.187658
457 1.187950
458 1.188370
459 1.188688
460 1.188306
461 1.189163
462 1.189376
463 1.189848
464 1.189521
465 1.189590
466 1.189855
467 1.190679
468 1.190653
469 1.190947
470 1.191291
471 1.191557
472 1.191676
473 1.191778
474 1.192164
475 1.192012
476 1.192179
477 1.192250
478 1.192632
479 1.193249
480 1.193019
481 1.193372
482 1.193104
483 1.192551
484 1.191929
485 1.192065
486 1.192077
487 1.192297
488 1.192409
489 1.192048
490 1.192319
491 1.192181
492 1.192513
493 1.192349
494 1.192062
495 1.192005
496 1.192565
497 1.192167
498 1.192634
499 1.192205
500 1.191619
501 1.191680
502 1.192292
503 1.192993
504 1.192670
505 1.193040
506 1.192796
507 1.192573
508 1.192501
509 1.192212
510 1.192226
511 1.191668
512 1.191730
513 1.191483
514 1.191751
515 1.191495
516 1.191837
517 1.191725
518 1.192138
519 1.191766
520 1.191906
521 1.191977
522 1.192580
523 1.193085
524 1.193308
525 1.193735
526 1.193764
527 1.193574
528 1.193061
529 1.193135
530 1.193223
531 1.193522
532 1.193607
533 1.194041
534 1.193925
535 1.193192
536 1.193852
537 1.194305
538 1.194829
539 1.194824
540 1.194910
541 1.195214
542 1.194893
543 1.194181
544 1.193923
545 1.194393
546 1.193439
547 1.193462
548 1.194580
549 1.195202
550 1.194974
551 1.195339
552 1.195515
553 1.194851
554 1.194848
555 1.194796
556 1.194929
557 1.195323
558 1.195014
559 1.194782
560 1.195256
561 1.194554
562 1.194620
563 1.193726
564 1.193299
565 1.193292
566 1.193125
567 1.193118
568 1.193344
569 1.193612
570 1.193534
571 1.193894
572 1.193320
573 1.192774
574 1.193118
575 1.192238
576 1.192561
577 1.193071
578 1.193360
579 1.192615
580 1.192309
581 1.192570
582 1.192473
583 1.192796
584 1.192319
585 1.192665
586 1.192475
587 1.193102
588 1.193194
589 1.192694
590 1.192100
591 1.192034
592 1.190840
593 1.191101
594 1.190714
595 1.190458
596 1.190062
597 1.190292
598 1.189841
599 1.190596
600 1.190755
601 1.190192
602 1.190641
603 1.190389
604 1.190560
605 1.190463
606 1.190572
607 1.190242
608 1.189421
609 1.189250
610 1.188861
611 1.189592
612 1.189739
613 1.189580
614 1.189948
615 1.190071
616 1.189808
617 1.190574
618 1.190809
619 1.191818
620 1.191255
621 1.190997
622 1.191201
623 1.190577
624 1.190164
625 1.189839
626 1.190475
627 1.190501
628 1.190204
629 1.190026
630 1.190202
631 1.190693
632 1.191471
633 1.191630
634 1.192601
635 1.193149
636 1.192684
637 1.192620
638 1.192224
639 1.191512
640 1.191457
641 1.191384
642 1.191517
643 1.190705
644 1.191725
645 1.191410
646 1.191030
647 1.191611
648 1.191139
649 1.190584
650 1.190249
651 1.190396
652 1.190904
653 1.191028
654 1.189855
655 1.189879
656 1.190620
657 1.190928
658 1.190145
659 1.190340
660 1.190195
661 1.190375
662 1.191156
663 1.191139
664 1.191569
665 1.191365
666 1.191918
667 1.192302
668 1.192378
669 1.193052
670 1.192371
671 1.192231
672 1.192696
673 1.191960
674 1.192039
675 1.191543
676 1.191891
677 1.192131
678 1.192620
679 1.192962
680 1.192342
681 1.191792
682 1.191716
683 1.191120
684 1.191350
685 1.191507
686 1.191906
687 1.191984
688 1.192459
689 1.192606
690 1.192727
691 1.192639
692 1.192435
693 1.192568
694 1.192209
695 1.191882
696 1.191630
697 1.191986
698 1.191754
699 1.192103
700 1.191215
701 1.190648
702 1.190916
703 1.190992
704 1.191329
705 1.191645
706 1.192497
707 1.193080
708 1.193028
709 1.193496
710 1.193768
711 1.193963
712 1.193956
713 1.193237
714 1.193593
715 1.193899
716 1.193830
717 1.193484
718 1.193149
719 1.192848
720 1.192639
721 1.192392
722 1.193021
723 1.193429
724 1.192565
725 1.192157
726 1.192549
727 1.192819
728 1.192366
729 1.192167
730 1.192504
731 1.192425
732 1.191645
733 1.191768
734 1.191581
735 1.191137
736 1.191884
737 1.192497
738 1.192580
739 1.191889
740 1.191602
741 1.191659
742 1.190795
743 1.190961
744 1.191358
745 1.190800
746 1.191184
747 1.191042
748 1.190835
749 1.190681
750 1.190712
751 1.191137
752 1.190966
753 1.190956
754 1.190729
755 1.191246
756 1.190947
757 1.191237
758 1.190299
759 1.190968
760 1.191274
761 1.191111
762 1.192126
763 1.192675
764 1.192710
765 1.192525
766 1.193249
767 1.193123
768 1.193080
769 1.193007
770 1.192610
771 1.192606
772 1.192717
773 1.192430
774 1.192618
775 1.192717
776 1.192762
777 1.192788
778 1.193137
779 1.192447
780 1.192077
781 1.192162
782 1.191903
783 1.191683
784 1.191756
785 1.191996
786 1.192741
787 1.192890
788 1.193218
789 1.192997
790 1.192962
791 1.193187
792 1.193061
793 1.192805
794 1.192580
795 1.191766
796 1.192309
797 1.191751
798 1.191602
799 1.191865
800 1.192084
801 1.192432
802 1.192931
803 1.193237
804 1.192985
805 1.192853
806 1.192665
807 1.192639
808 1.192565
809 1.191875
810 1.192694
811 1.192993
812 1.193939
813 1.193868
814 1.193797
815 1.193223
816 1.193548
817 1.193254
818 1.193223
819 1.193109
820 1.193083
821 1.193099
822 1.193087
823 1.193550
824 1.193299
825 1.192921
826 1.192584
827 1.193389
828 1.193213
829 1.193356
830 1.192758
831 1.192520
832 1.192281
833 1.192039
834 1.191929
835 1.191372
836 1.191412
837 1.191552
838 1.191699
839 1.191602
840 1.192107
841 1.192627
842 1.192594
843 1.192316
844 1.192582
845 1.193372
846 1.193173
847 1.193189
848 1.193175
849 1.193142
850 1.192755
851 1.192615
852 1.192691
853 1.192494
854 1.192309
855 1.191642
856 1.191263
857 1.190999
858 1.190368
859 1.190584
860 1.191097
861 1.190529
862 1.189898
863 1.190249
864 1.190351
865 1.190026
866 1.190271
867 1.191130
868 1.191089
869 1.191483
870 1.191633
871 1.192069
872 1.191680
873 1.191787
874 1.191856
875 1.191704
876 1.192086
877 1.192667
878 1.192601
879 1.192281
880 1.192485
881 1.192001
882 1.192131
883 1.191972
884 1.191657
885 1.191770
886 1.191929
887 1.191557
888 1.191562
889 1.191583
890 1.191742
891 1.191590
892 1.191576
893 1.191937
894 1.192091
895 1.192250
896 1.192796
897 1.193068
898 1.192898
899 1.192416
900 1.192245
901 1.193410
902 1.193311
903 1.192589
904 1.191766
905 1.191661
906 1.191908
907 1.191979
908 1.192266
909 1.191830
910 1.192207
911 1.192219
912 1.192240
913 1.192376
914 1.192743
915 1.192881
916 1.192580
917 1.191956
918 1.192741
919 1.192696
920 1.192243
921 1.192240
922 1.191842
923 1.191265
924 1.190722
925 1.190824
926 1.191384
927 1.191414
928 1.191887
929 1.191305
930 1.190577
931 1.190788
932 1.191051
933 1.191400
934 1.192100
935 1.192421
936 1.192122
937 1.192660
938 1.192319
939 1.192020
940 1.192570
941 1.193090
942 1.192546
943 1.192188
944 1.192017
945 1.192202
946 1.191887
947 1.191621
948 1.191642
949 1.191488
950 1.191619
951 1.191445
952 1.192036
953 1.192888
954 1.192361
955 1.192660
956 1.192981
957 1.192869
958 1.193066
959 1.192338
960 1.191963
961 1.191908
962 1.191858
963 1.191191
964 1.191607
965 1.192387
966 1.192188
967 1.191702
968 1.192319
969 1.192179
970 1.192190
971 1.192589
972 1.192997
973 1.193600
974 1.193287
975 1.193339
976 1.193080
977 1.192815
978 1.192492
979 1.192411
980 1.192909
981 1.193232
982 1.193460
983 1.193410
984 1.194129
985 1.193728
986 1.193723
987 1.193759
988 1.194822
989 1.194544
990 1.194369
991 1.194877
992 1.194829
993 1.195214
994 1.195002
995 1.194317
996 1.194523
997 1.194388
998 1.194794
999 1.194611
1000 1.194787
