1 1.164016
2 1.150733
3 1.142368
4 1.135101
5 1.130705
6 1.125953
7 1.120667
8 1.115761
9 1.110315
10 1.105159
11 1.099197
12 1.093395
13 1.089545
14 1.084805
15 1.079745
16 1.074868
17 1.071255
18 1.067494
19 1.063318
20 1.060411
21 1.057456
22 1.054437
23 1.052390
24 1.049430
25 1.046778
26 1.044666
27 1.042287
28 1.040145
29 1.037487
30 1.035571
31 1.033661
32 1.032486
33 1.030410
34 1.028434
35 1.027189
36 1.026002
37 1.025539
38 1.024027
39 1.024098
40 1.023024
41 1.021660
42 1.021298
43 1.021760
44 1.021861
45 1.022146
46 1.021511
47 1.021529
48 1.022116
49 1.022917
50 1.021998
51 1.021683
52 1.021167
53 1.022075
54 1.023469
55 1.024780
56 1.024472
57 1.025350
58 1.026091
59 1.026957
60 1.027052
61 1.028933
62 1.032575
63 1.033792
64 1.034687
65 1.036431
66 1.037837
67 1.038834
68 1.039718
69 1.041355
70 1.042168
71 1.042441
72 1.043236
73 1.044452
74 1.045473
75 1.046451
76 1.047424
77 1.049198
78 1.049886
79 1.051714
80 1.053025
81 1.054905
82 1.056922
83 1.056816
84 1.058026
85 1.059663
86 1.059853
87 1.060802
88 1.061348
89 1.063015
90 1.063958
91 1.065115
92 1.067358
93 1.069719
94 1.070116
95 1.071226
96 1.072922
97 1.073925
98 1.075859
99 1.077478
100 1.078801
101 1.080012
102 1.081507
103 1.083417
104 1.084319
105 1.086870
106 1.087700
107 1.090405
108 1.092049
109 1.093063
110 1.094214
111 1.095442
112 1.095851
113 1.095584
114 1.095792
115 1.097489
116 1.097863
117 1.099577
118 1.101594
119 1.103481
120 1.104323
121 1.105320
122 1.105498
123 1.106049
124 1.106174
125 1.107372
126 1.107248
127 1.107794
128 1.109253
129 1.110232
130 1.111768
131 1.113257
132 1.114592
133 1.115678
134 1.115862
135 1.117677
136 1.118080
137 1.119148
138 1.120898
139 1.121794
140 1.121118
141 1.121676
142 1.121723
143 1.122055
144 1.122625
145 1.123936
146 1.125122
147 1.126950
148 1.129056
149 1.129856
150 1.130740
151 1.132935
152 1.134169
153 1.135000
154 1.135326
155 1.136050
156 1.137148
157 1.137361
158 1.137426
159 1.138031
160 1.138696
161 1.138091
162 1.138251
163 1.138987
164 1.138862
165 1.138791
166 1.139354
167 1.140043
168 1.141110
169 1.141544
170 1.142991
171 1.143068
172 1.143988
173 1.145269
174 1.145803
175 1.145406
176 1.145097
177 1.144646
178 1.145139
179 1.144670
180 1.146361
181 1.146711
182 1.147440
183 1.147607
184 1.148158
185 1.148235
186 1.149819
187 1.150110
188 1.149647
189 1.149902
190 1.151255
191 1.152400
192 1.153687
193 1.152975
194 1.152590
195 1.153877
196 1.154642
197 1.155639
198 1.155995
199 1.156582
200 1.157093
201 1.156375
202 1.156232
203 1.156102
204 1.156576
205 1.155894
206 1.155983
207 1.155337
208 1.155503
209 1.156262
210 1.156986
211 1.157039
212 1.156434
213 1.156707
214 1.156843
215 1.156404
216 1.157241
217 1.157116
218 1.157294
219 1.158279
220 1.158077
221 1.157870
222 1.158048
223 1.157941
224 1.157621
225 1.157739
226 1.157591
227 1.158368
228 1.158392
229 1.158617
230 1.159282
231 1.159584
232 1.159857
233 1.160391
234 1.160237
235 1.160889
236 1.161435
237 1.161370
238 1.161560
239 1.162812
240 1.162319
241 1.162877
242 1.163179
243 1.163956
244 1.163868
245 1.163891
246 1.163974
247 1.163850
248 1.164045
249 1.164704
250 1.165760
251 1.166015
252 1.166395
253 1.165647
254 1.165718
255 1.166413
256 1.166519
257 1.165119
258 1.164740
259 1.164461
260 1.164579
261 1.165463
262 1.165713
263 1.165938
264 1.166116
265 1.166205
266 1.166448
267 1.167018
268 1.167415
269 1.167919
270 1.167237
271 1.167724
272 1.169462
273 1.170263
274 1.171532
275 1.171319
276 1.171977
277 1.171509
278 1.170909
279 1.171111
280 1.171639
281 1.172446
282 1.172315
283 1.173994
284 1.172173
285 1.171787
286 1.172274
287 1.172114
288 1.173051
289 1.173312
290 1.174677
291 1.175709
292 1.174991
293 1.175839
294 1.176255
295 1.175928
296 1.176349
297 1.177139
298 1.177761
299 1.177767
300 1.178728
301 1.178995
302 1.179624
303 1.179636
304 1.179363
305 1.179434
306 1.177981
307 1.177981
308 1.178106
309 1.178325
310 1.178011
311 1.177441
312 1.176243
313 1.176848
314 1.177020
315 1.177702
316 1.177548
317 1.178426
318 1.178426
319 1.179387
320 1.180360
321 1.179921
322 1.180016
323 1.180573
324 1.180585
325 1.181078
326 1.181214
327 1.180995
328 1.180164
329 1.179351
330 1.179541
331 1.180146
332 1.179933
333 1.178278
334 1.178289
335 1.178562
336 1.177957
337 1.177809
338 1.177744
339 1.178147
340 1.177583
341 1.178106
342 1.177732
343 1.177750
344 1.178467
345 1.178248
346 1.178669
347 1.178070
348 1.178289
349 1.176984
350 1.177204
351 1.176308
352 1.176468
353 1.177316
354 1.177299
355 1.177186
356 1.176225
357 1.176201
358 1.177856
359 1.177844
360 1.177174
361 1.177690
362 1.177500
363 1.177008
364 1.175893
365 1.176403
366 1.177945
367 1.177827
368 1.176806
369 1.177257
370 1.176652
371 1.176723
372 1.176047
373 1.175661
374 1.176201
375 1.176599
376 1.176616
377 1.176261
378 1.176622
379 1.176344
380 1.176023
381 1.175744
382 1.177168
383 1.177156
384 1.176071
385 1.174754
386 1.174279
387 1.173561
388 1.173549
389 1.173187
390 1.173407
391 1.173537
392 1.173597
393 1.174285
394 1.174760
395 1.173994
396 1.174849
397 1.174516
398 1.173288
399 1.173644
400 1.174855
401 1.175798
402 1.176172
403 1.176355
404 1.176106
405 1.175899
406 1.175531
407 1.175845
408 1.177423
409 1.177779
410 1.177643
411 1.177755
412 1.177245
413 1.177471
414 1.177263
415 1.177305
416 1.177530
417 1.179073
418 1.179096
419 1.178900
420 1.177803
421 1.177192
422 1.177536
423 1.178141
424 1.178687
425 1.179221
426 1.180229
427 1.181007
428 1.180995
429 1.181529
430 1.181351
431 1.181511
432 1.179867
433 1.181196
434 1.181125
435 1.181107
436 1.181244
437 1.179731
438 1.181095
439 1.180431
440 1.180579
441 1.180704
442 1.179897
443 1.179440
444 1.179618
445 1.180959
446 1.180295
447 1.180455
448 1.180520
449 1.180823
450 1.180514
451 1.181879
452 1.181778
453 1.181576
454 1.181974
455 1.182994
456 1.182033
457 1.181558
458 1.181149
459 1.181226
460 1.180484
461 1.180591
462 1.180158
463 1.180876
464 1.181374
465 1.182122
466 1.180633
467 1.178545
468 1.179387
469 1.178948
470 1.178995
471 1.178248
472 1.179500
473 1.179838
474 1.180662
475 1.181956
476 1.182080
477 1.180656
478 1.180277
479 1.180105
480 1.180425
481 1.179589
482 1.180852
483 1.180793
484 1.181084
485 1.180846
486 1.180763
487 1.180164
488 1.180461
489 1.181327
490 1.181416
491 1.182466
492 1.183302
493 1.182774
494 1.183148
495 1.183350
496 1.183160
497 1.183113
498 1.182359
499 1.183813
500 1.183130
501 1.183569
502 1.184062
503 1.183113
504 1.181974
505 1.181540
506 1.181991
507 1.182122
508 1.182211
509 1.182715
510 1.183024
511 1.183344
512 1.183154
513 1.183326
514 1.184252
515 1.184637
516 1.183160
517 1.182976
518 1.182306
519 1.182454
520 1.182596
521 1.182810
522 1.182697
523 1.182768
524 1.182442
525 1.182098
526 1.181813
527 1.182074
528 1.182021
529 1.182062
530 1.182751
531 1.182199
532 1.181042
533 1.180390
534 1.179755
535 1.179351
536 1.179933
537 1.180645
538 1.180063
539 1.180918
540 1.180111
541 1.180301
542 1.180757
543 1.181683
544 1.182596
545 1.183463
546 1.183202
547 1.183142
548 1.182846
549 1.182496
550 1.181273
551 1.181499
552 1.181309
553 1.180989
554 1.181534
555 1.182543
556 1.182027
557 1.182768
558 1.183219
559 1.182674
560 1.182608
561 1.182626
562 1.182822
563 1.183397
564 1.182140
565 1.182009
566 1.180348
567 1.179897
568 1.179749
569 1.179120
570 1.179565
571 1.178752
572 1.177933
573 1.177720
574 1.176741
575 1.176510
576 1.176984
577 1.178254
578 1.177032
579 1.177560
580 1.178995
581 1.178503
582 1.179826
583 1.180627
584 1.180069
585 1.180093
586 1.180034
587 1.180668
588 1.179856
589 1.179173
590 1.178883
591 1.179440
592 1.178906
593 1.179476
594 1.179778
595 1.179203
596 1.179357
597 1.180271
598 1.181030
599 1.180935
600 1.179595
601 1.178966
602 1.179310
603 1.180852
604 1.180740
605 1.180348
606 1.179648
607 1.180627
608 1.180022
609 1.180579
610 1.181362
611 1.181997
612 1.181796
613 1.181351
614 1.180953
615 1.181167
616 1.181457
617 1.180977
618 1.182282
619 1.182834
620 1.182596
621 1.182288
622 1.182501
623 1.182810
624 1.182810
625 1.183463
626 1.184186
627 1.184602
628 1.185230
629 1.184453
630 1.185124
631 1.184572
632 1.184768
633 1.184554
634 1.183985
635 1.184471
636 1.184726
637 1.185141
638 1.185871
639 1.185260
640 1.183504
641 1.184376
642 1.183403
643 1.182062
644 1.181819
645 1.182768
646 1.183095
647 1.183516
648 1.184661
649 1.185064
650 1.185189
651 1.184786
652 1.184044
