1 1.162248
2 1.149600
3 1.140120
4 1.132597
5 1.127104
6 1.122251
7 1.118276
8 1.114029
9 1.109437
10 1.104833
11 1.101594
12 1.096290
13 1.091746
14 1.088317
15 1.084105
16 1.081079
17 1.077223
18 1.074435
19 1.070567
20 1.066640
21 1.062333
22 1.059378
23 1.057966
24 1.056519
25 1.053137
26 1.051488
27 1.049839
28 1.048439
29 1.046956
30 1.045378
31 1.042506
32 1.043111
33 1.040988
34 1.039410
35 1.038757
36 1.037630
37 1.037037
38 1.036289
39 1.035470
40 1.034035
41 1.033833
42 1.034948
43 1.035482
44 1.035150
45 1.034794
46 1.035103
47 1.035648
48 1.035755
49 1.035459
50 1.035423
51 1.035316
52 1.035316
53 1.035862
54 1.035672
55 1.036799
56 1.038460
57 1.039849
58 1.039730
59 1.040027
60 1.041545
61 1.042269
62 1.044334
63 1.043812
64 1.043337
65 1.046256
66 1.049151
67 1.051547
68 1.052093
69 1.052556
70 1.053505
71 1.055297
72 1.055629
73 1.056127
74 1.057966
75 1.059153
76 1.061253
77 1.062677
78 1.064409
79 1.065263
80 1.067150
81 1.067174
82 1.069772
83 1.073616
84 1.074566
85 1.074969
86 1.076096
87 1.077591
88 1.078351
89 1.080724
90 1.081732
91 1.082278
92 1.082029
93 1.082646
94 1.086324
95 1.087463
96 1.089895
97 1.091900
98 1.093645
99 1.094878
100 1.096160
101 1.096195
102 1.096896
103 1.097868
104 1.100882
105 1.103516
106 1.104999
107 1.105379
108 1.107266
109 1.108025
110 1.109461
111 1.108749
112 1.109567
113 1.110220
114 1.112154
115 1.116164
116 1.117185
117 1.118383
118 1.119320
119 1.121492
120 1.121670
121 1.122571
122 1.122880
123 1.124102
124 1.125585
125 1.127044
126 1.126772
127 1.127543
128 1.127922
129 1.128326
130 1.128077
131 1.129121
132 1.130236
133 1.131292
134 1.132158
135 1.133938
136 1.135528
137 1.135469
138 1.136691
139 1.137237
140 1.138174
141 1.139704
142 1.141472
143 1.140915
144 1.142244
145 1.143620
146 1.143300
147 1.143027
148 1.142208
149 1.141876
150 1.142042
151 1.142457
152 1.142588
153 1.142979
154 1.145388
155 1.147013
156 1.148057
157 1.148318
158 1.149446
159 1.149624
160 1.151237
161 1.153183
162 1.152151
163 1.152685
164 1.153468
165 1.151736
166 1.153337
167 1.154619
168 1.153978
169 1.154607
170 1.154975
171 1.155378
172 1.155865
173 1.157668
174 1.158499
175 1.159531
176 1.160646
177 1.160172
178 1.159792
179 1.160682
180 1.160717
181 1.161750
182 1.160860
183 1.161370
184 1.161465
185 1.162568
186 1.163541
187 1.164668
188 1.164668
189 1.165451
190 1.167018
191 1.168643
192 1.167884
193 1.168169
194 1.166745
195 1.167006
196 1.167018
197 1.166472
198 1.166140
199 1.166092
200 1.166353
201 1.167528
202 1.166816
203 1.166460
204 1.168026
205 1.168833
206 1.169462
207 1.171111
208 1.171859
209 1.173069
210 1.174208
211 1.173543
212 1.173864
213 1.175038
214 1.175276
215 1.176664
216 1.176189
217 1.176593
218 1.177827
219 1.178194
220 1.179310
221 1.178562
222 1.179951
223 1.180852
224 1.180567
225 1.180769
226 1.181552
227 1.181457
228 1.181968
229 1.183012
230 1.185136
231 1.185266
232 1.184246
233 1.182691
234 1.182893
235 1.182395
236 1.181410
237 1.181908
238 1.181968
239 1.184341
240 1.183439
241 1.182751
242 1.183593
243 1.185136
244 1.184530
245 1.184649
246 1.185503
247 1.184815
248 1.183795
249 1.183783
250 1.182774
251 1.182905
252 1.182608
253 1.183166
254 1.182205
255 1.183035
256 1.181956
257 1.181730
258 1.180342
259 1.181837
260 1.182229
261 1.181956
262 1.182763
263 1.183700
264 1.183581
265 1.184685
266 1.184210
267 1.184827
268 1.183522
269 1.183510
270 1.182608
271 1.182454
272 1.182786
273 1.182525
274 1.181600
275 1.181196
276 1.180995
277 1.179796
278 1.179962
279 1.180603
280 1.180093
281 1.181683
282 1.182513
283 1.183427
284 1.183522
285 1.184032
286 1.182964
287 1.182335
288 1.181885
289 1.181600
290 1.179891
291 1.182134
292 1.181446
293 1.182193
294 1.182122
295 1.182407
296 1.180247
297 1.179523
298 1.180413
299 1.181446
300 1.182513
301 1.183344
302 1.183498
303 1.182276
304 1.181339
305 1.181291
306 1.181149
307 1.182929
308 1.183902
309 1.182691
310 1.183403
311 1.183142
312 1.183391
313 1.182537
314 1.183368
315 1.182193
316 1.183285
317 1.182917
318 1.182110
319 1.183237
320 1.182763
321 1.185753
322 1.185432
323 1.185064
324 1.185029
325 1.185978
326 1.185658
327 1.184851
328 1.185610
329 1.184685
330 1.187022
331 1.185824
332 1.186559
333 1.187046
334 1.187378
335 1.188114
336 1.186654
337 1.186927
338 1.187817
339 1.187105
340 1.187829
341 1.187141
342 1.187532
343 1.187058
344 1.188742
345 1.189870
346 1.188422
347 1.187354
348 1.187888
349 1.188885
350 1.189490
351 1.188695
352 1.188090
353 1.189336
354 1.189431
355 1.188695
356 1.188481
357 1.189443
358 1.190309
359 1.191187
360 1.191009
361 1.191839
362 1.191839
363 1.192397
364 1.193405
365 1.193227
366 1.191519
367 1.190985
368 1.190475
369 1.189146
370 1.189371
371 1.189158
372 1.188031
373 1.188292
374 1.187034
375 1.188315
376 1.188327
377 1.188553
378 1.190214
379 1.190356
380 1.190617
381 1.191305
382 1.192314
383 1.191993
384 1.191056
385 1.191104
386 1.192575
387 1.192753
388 1.193002
389 1.191602
390 1.190249
391 1.189988
392 1.188529
393 1.188565
394 1.188683
395 1.188327
396 1.188315
397 1.190487
398 1.191638
399 1.191709
400 1.192302
401 1.192682
402 1.192824
403 1.192587
404 1.194236
405 1.194912
406 1.193951
407 1.193216
408 1.192492
409 1.194046
410 1.194236
411 1.193975
412 1.194628
413 1.195150
414 1.195043
415 1.195968
416 1.195921
417 1.197250
418 1.198128
419 1.199326
420 1.197843
421 1.197546
422 1.196467
423 1.197036
424 1.198946
425 1.199457
426 1.198531
427 1.197368
428 1.197048
429 1.198401
430 1.197795
431 1.197321
432 1.197546
433 1.196680
434 1.197855
435 1.198745
436 1.198116
437 1.198472
438 1.198923
439 1.197914
440 1.196538
441 1.196621
442 1.195672
443 1.195802
444 1.196538
445 1.196182
446 1.197404
447 1.197926
448 1.198234
449 1.197962
450 1.199136
451 1.199112
452 1.198401
453 1.197523
454 1.196241
455 1.197238
456 1.199433
457 1.199089
458 1.198045
459 1.198697
460 1.198614
461 1.199729
462 1.201082
463 1.200536
464 1.200952
465 1.201984
466 1.202197
467 1.201343
468 1.201782
469 1.201343
470 1.201331
471 1.200465
472 1.200394
473 1.200691
474 1.200299
475 1.199540
476 1.198780
477 1.197665
478 1.197629
479 1.198175
480 1.198543
481 1.197973
482 1.198318
483 1.198223
484 1.196870
485 1.195624
486 1.194189
487 1.194224
488 1.193038
489 1.193868
490 1.195767
491 1.196253
492 1.196597
493 1.196728
494 1.197238
495 1.197060
496 1.196478
497 1.196538
498 1.197250
499 1.197440
500 1.196395
