1 1.138145
2 1.117692
3 1.106525
4 1.099359
5 1.094648
6 1.089971
7 1.085797
8 1.081077
9 1.076599
10 1.072335
11 1.067795
12 1.063427
13 1.059440
14 1.055323
15 1.050404
16 1.046963
17 1.044355
18 1.041026
19 1.037962
20 1.035634
21 1.032307
22 1.029384
23 1.026970
24 1.024742
25 1.023071
26 1.021949
27 1.020205
28 1.018587
29 1.017509
30 1.016123
31 1.015191
32 1.014116
33 1.012827
34 1.011838
35 1.011363
36 1.010445
37 1.009408
38 1.008584
39 1.008727
40 1.008383
41 1.008537
42 1.009170
43 1.009244
44 1.009536
45 1.009837
46 1.009873
47 1.010900
48 1.011719
49 1.012559
50 1.013345
51 1.014479
52 1.014756
53 1.014654
54 1.015725
55 1.016320
56 1.017148
57 1.017808
58 1.018363
59 1.018793
60 1.020732
61 1.020888
62 1.022371
63 1.023786
64 1.024759
65 1.025831
66 1.026875
67 1.028591
68 1.030214
69 1.032400
70 1.033638
71 1.034652
72 1.036016
73 1.037661
74 1.039042
75 1.040468
76 1.041747
77 1.042893
78 1.043000
79 1.044576
80 1.046590
81 1.048607
82 1.049687
83 1.051018
84 1.052288
85 1.053683
86 1.054896
87 1.056462
88 1.058095
89 1.059272
90 1.060771
91 1.061870
92 1.063289
93 1.065007
94 1.065935
95 1.066811
96 1.067814
97 1.069955
98 1.071616
99 1.073037
100 1.074302
101 1.075410
102 1.077010
103 1.078436
104 1.080299
105 1.081924
106 1.083581
107 1.084530
108 1.085453
109 1.086855
110 1.088787
111 1.089017
112 1.090372
113 1.092235
114 1.093172
115 1.093796
116 1.094551
117 1.095315
118 1.096340
119 1.097809
120 1.098867
121 1.099836
122 1.101236
123 1.103018
124 1.103846
125 1.104499
126 1.106357
127 1.107365
128 1.107828
129 1.109370
130 1.110113
131 1.111027
132 1.111796
133 1.112308
134 1.113222
135 1.114453
136 1.116231
137 1.117363
138 1.118689
139 1.119361
140 1.119643
141 1.120338
142 1.120716
143 1.121285
144 1.121746
145 1.121893
146 1.123362
147 1.124057
148 1.124823
149 1.126219
150 1.126966
151 1.127429
152 1.128312
153 1.129652
154 1.130331
155 1.131109
156 1.132033
157 1.132908
158 1.132787
159 1.133957
160 1.134821
161 1.135836
162 1.135281
163 1.135846
164 1.136368
165 1.137305
166 1.138046
167 1.139118
168 1.140089
169 1.140696
170 1.141337
171 1.142028
172 1.142550
173 1.143167
174 1.143323
175 1.143421
176 1.144066
177 1.144569
178 1.144961
179 1.145072
180 1.145623
181 1.145815
182 1.146235
183 1.146508
184 1.146209
185 1.145891
186 1.146498
187 1.146510
188 1.146615
189 1.147208
190 1.148252
191 1.148715
192 1.148527
193 1.148617
194 1.148760
195 1.149595
196 1.149341
197 1.149873
198 1.150198
199 1.151337
200 1.151909
201 1.152146
202 1.152998
203 1.152466
204 1.151999
205 1.152222
206 1.152360
207 1.152386
208 1.152421
209 1.152246
210 1.151904
211 1.151980
212 1.151916
213 1.153060
214 1.153648
215 1.154030
216 1.154583
217 1.154851
218 1.155613
219 1.155848
220 1.156038
221 1.156145
222 1.157087
223 1.157032
224 1.156956
225 1.157405
226 1.158268
227 1.158484
228 1.158435
229 1.159023
230 1.158824
231 1.158667
232 1.158753
233 1.159227
234 1.158897
235 1.159521
236 1.159260
237 1.159455
238 1.159628
239 1.159301
240 1.160181
241 1.160860
242 1.160767
243 1.161114
244 1.161916
245 1.162402
246 1.162915
247 1.163090
248 1.163658
249 1.163795
250 1.163233
251 1.162974
252 1.162730
253 1.162715
254 1.162459
255 1.162789
256 1.162917
257 1.163653
258 1.163389
259 1.164146
260 1.163686
261 1.163821
262 1.164417
263 1.163973
264 1.164626
265 1.164718
266 1.165077
267 1.165039
268 1.165200
269 1.165741
270 1.165470
271 1.166277
272 1.166481
273 1.165734
274 1.166002
275 1.166273
276 1.166920
277 1.166973
278 1.167806
279 1.168572
280 1.168318
281 1.168256
282 1.168105
283 1.168152
284 1.167839
285 1.168667
286 1.168816
287 1.168840
288 1.168600
289 1.168888
290 1.168771
291 1.169123
292 1.168660
293 1.169134
294 1.168548
295 1.168999
296 1.168638
297 1.168631
298 1.168214
299 1.168420
300 1.168309
301 1.169111
302 1.168790
303 1.168705
304 1.168824
305 1.169282
306 1.169355
307 1.168923
308 1.169263
309 1.169184
310 1.168873
311 1.168316
312 1.167412
313 1.166965
314 1.167070
315 1.167442
316 1.167260
317 1.167378
318 1.167855
319 1.167568
320 1.168275
321 1.167843
322 1.167836
323 1.167727
324 1.167628
325 1.168506
326 1.168926
327 1.169099
328 1.169274
329 1.169486
330 1.169395
331 1.169386
332 1.169842
333 1.170195
334 1.169526
335 1.169683
336 1.169656
337 1.170886
338 1.171263
339 1.170793
340 1.171496
341 1.170895
342 1.170601
343 1.170563
344 1.170556
345 1.170283
346 1.169709
347 1.170043
348 1.170065
349 1.170069
350 1.170319
351 1.170188
352 1.170169
353 1.170428
354 1.170530
355 1.171132
356 1.171061
357 1.170651
358 1.170553
359 1.170917
360 1.171038
361 1.172210
362 1.172606
363 1.172684
364 1.172988
365 1.172120
366 1.171609
367 1.171778
368 1.171747
369 1.171624
370 1.171678
371 1.171956
372 1.171965
373 1.172362
374 1.172345
375 1.171806
376 1.172158
377 1.171652
378 1.171123
379 1.171068
380 1.170297
381 1.170309
382 1.170216
383 1.170470
384 1.170162
385 1.170575
386 1.171474
387 1.171631
388 1.170950
389 1.171178
390 1.171481
391 1.171201
392 1.171657
393 1.172167
394 1.172454
395 1.172383
396 1.173354
397 1.174006
398 1.173916
399 1.174039
400 1.174450
401 1.174381
402 1.174172
403 1.174210
404 1.173532
405 1.173394
406 1.173434
407 1.173800
408 1.174284
409 1.173579
410 1.173361
411 1.172872
412 1.172492
413 1.172611
414 1.172822
415 1.172440
416 1.172518
417 1.172234
418 1.172188
419 1.173308
420 1.173591
421 1.174139
422 1.174701
423 1.174156
424 1.174887
425 1.175499
426 1.175283
427 1.175034
428 1.175129
429 1.175345
430 1.175805
431 1.176068
432 1.176232
433 1.176102
434 1.175890
435 1.176519
436 1.176695
437 1.176726
438 1.177245
439 1.177055
440 1.177419
441 1.177110
442 1.176797
443 1.177300
444 1.177212
445 1.176972
446 1.177245
447 1.176811
448 1.176643
449 1.176374
450 1.175416
451 1.175653
452 1.175670
453 1.175831
454 1.175598
455 1.176123
456 1.176123
457 1.176327
458 1.176495
459 1.176840
460 1.176078
461 1.175454
462 1.175914
463 1.176189
464 1.176999
465 1.176493
466 1.175999
467 1.175710
468 1.175767
469 1.176360
470 1.176370
471 1.176325
472 1.175940
473 1.176581
474 1.176486
475 1.176396
476 1.176775
477 1.177015
478 1.176370
479 1.177402
480 1.176775
481 1.177210
482 1.176697
483 1.176180
484 1.176714
485 1.177224
486 1.177345
487 1.176149
488 1.175684
489 1.175712
490 1.175435
491 1.175869
492 1.175290
493 1.174941
494 1.175696
495 1.175470
496 1.175352
497 1.175731
498 1.175674
499 1.176054
500 1.175912
501 1.175748
502 1.175124
503 1.174925
504 1.174637
505 1.174609
506 1.175119
507 1.175197
508 1.174728
509 1.174808
510 1.174955
511 1.175266
512 1.174849
513 1.175041
514 1.175385
515 1.175520
516 1.175703
517 1.176004
518 1.175689
519 1.175850
520 1.176194
521 1.176472
522 1.176472
523 1.176436
524 1.176685
525 1.176142
526 1.175760
527 1.175845
528 1.176116
529 1.175931
530 1.175570
531 1.176083
532 1.176709
533 1.176934
534 1.177091
535 1.177034
536 1.177843
537 1.177720
538 1.177990
539 1.177872
540 1.177236
541 1.177924
542 1.177784
543 1.178002
544 1.178588
545 1.178100
546 1.178123
547 1.177848
548 1.177957
549 1.177186
550 1.176507
551 1.177150
552 1.177390
553 1.176794
554 1.176263
555 1.176498
556 1.177131
557 1.177701
558 1.177440
559 1.177727
560 1.177751
561 1.177846
562 1.178299
563 1.178287
564 1.177962
565 1.177243
566 1.177236
567 1.177357
568 1.177898
569 1.177701
570 1.177910
571 1.178038
572 1.178002
573 1.178021
574 1.178425
575 1.178593
576 1.178486
577 1.178975
578 1.178263
579 1.177896
580 1.177872
581 1.177601
582 1.177559
583 1.177537
584 1.177252
585 1.176906
586 1.177155
587 1.177053
588 1.176614
589 1.176474
590 1.176296
591 1.176334
592 1.176315
593 1.176284
594 1.175864
595 1.175520
596 1.175347
597 1.175318
598 1.175129
599 1.174908
600 1.175193
601 1.174889
602 1.175527
603 1.175674
604 1.175767
605 1.176360
606 1.176424
607 1.176358
608 1.177243
609 1.177172
610 1.178031
611 1.178361
612 1.179099
613 1.179042
614 1.179443
615 1.179108
616 1.179801
617 1.179217
618 1.179585
619 1.179694
620 1.179512
621 1.179220
622 1.178928
623 1.179540
624 1.178707
625 1.177969
626 1.177544
627 1.177452
628 1.177381
629 1.176842
630 1.177335
631 1.177423
632 1.177385
633 1.177115
634 1.177155
635 1.176718
636 1.176562
637 1.177051
638 1.177136
639 1.177803
640 1.177936
641 1.177803
642 1.178168
643 1.178313
644 1.178778
645 1.179307
646 1.179175
647 1.179153
648 1.179609
649 1.179379
650 1.179436
651 1.179269
652 1.179170
653 1.179127
654 1.178664
655 1.179189
656 1.178828
657 1.179184
658 1.178914
659 1.179680
660 1.180136
661 1.179998
662 1.179720
663 1.179409
664 1.180147
665 1.180413
666 1.179806
667 1.180681
668 1.180292
669 1.180252
670 1.180947
671 1.181094
672 1.180942
673 1.180029
674 1.180140
675 1.180781
676 1.180850
677 1.181104
678 1.181422
679 1.181192
680 1.181222
681 1.181695
682 1.181595
683 1.182055
684 1.181913
685 1.181182
686 1.181142
687 1.180985
688 1.180876
689 1.180674
690 1.181101
691 1.180786
692 1.180238
693 1.180437
694 1.179896
695 1.179704
696 1.180340
697 1.179974
698 1.179341
699 1.179941
700 1.180119
701 1.179875
702 1.180138
703 1.179675
704 1.179583
705 1.179360
706 1.179165
707 1.178792
708 1.178800
709 1.178335
710 1.178517
711 1.178097
712 1.178114
713 1.177858
714 1.177551
715 1.177169
716 1.176920
717 1.177298
718 1.177017
719 1.177364
720 1.177618
721 1.177919
722 1.177941
723 1.177255
724 1.177646
725 1.177528
726 1.177255
727 1.177127
728 1.177414
729 1.177575
730 1.178002
731 1.177815
732 1.178387
733 1.178690
734 1.178788
735 1.179120
736 1.179381
737 1.179338
738 1.180361
739 1.180513
740 1.180653
741 1.180570
742 1.180477
743 1.180159
744 1.180095
745 1.180036
746 1.179440
747 1.179341
748 1.179291
749 1.178940
750 1.178954
751 1.178959
752 1.179837
753 1.179635
754 1.179521
755 1.179407
756 1.179642
757 1.180442
758 1.180302
759 1.180484
760 1.180250
761 1.180511
762 1.181004
763 1.180451
764 1.180475
765 1.180869
766 1.180990
767 1.180439
768 1.180731
769 1.180589
770 1.180779
771 1.181417
772 1.180641
773 1.179699
774 1.179386
775 1.178833
776 1.179281
777 1.179348
778 1.178911
779 1.179099
780 1.178930
781 1.178603
782 1.177919
783 1.178085
784 1.178270
785 1.178536
786 1.178607
787 1.178733
788 1.179390
789 1.179077
790 1.179025
791 1.179407
792 1.179037
793 1.178873
794 1.178999
795 1.179390
796 1.180121
797 1.180098
798 1.180181
799 1.179974
800 1.179606
801 1.179386
802 1.179464
803 1.179103
804 1.179585
805 1.179557
806 1.179542
807 1.179182
808 1.178821
809 1.178270
810 1.178529
811 1.178387
812 1.178140
813 1.177620
814 1.177661
815 1.177744
816 1.178176
817 1.177613
818 1.177260
819 1.176491
820 1.176016
821 1.175708
822 1.175722
823 1.175736
824 1.176123
825 1.177651
826 1.177333
827 1.176908
828 1.177238
829 1.177067
830 1.177098
831 1.177732
832 1.177143
833 1.177124
834 1.177449
835 1.177592
836 1.176887
837 1.177219
838 1.177324
839 1.177032
840 1.177103
841 1.177485
842 1.177117
843 1.177566
844 1.177150
845 1.176773
846 1.177680
847 1.178384
848 1.178147
849 1.177831
850 1.177487
851 1.176880
852 1.177129
853 1.177214
854 1.177599
855 1.177886
856 1.177872
857 1.178304
858 1.177561
859 1.178230
860 1.178512
861 1.178384
862 1.178090
863 1.178814
864 1.178565
865 1.178479
866 1.178534
867 1.178531
868 1.178197
869 1.178477
870 1.178857
871 1.178686
872 1.178878
873 1.179357
874 1.179765
875 1.179663
876 1.179362
877 1.179673
878 1.179597
879 1.178577
880 1.178861
881 1.178349
882 1.177696
883 1.178059
884 1.178223
885 1.178785
886 1.178930
887 1.178012
888 1.178652
889 1.178598
890 1.179051
891 1.179469
892 1.179070
893 1.178997
894 1.178954
895 1.179310
896 1.178740
897 1.178197
898 1.178126
899 1.177293
900 1.177039
901 1.177032
902 1.177395
903 1.177440
904 1.177865
905 1.176963
906 1.176783
907 1.177060
908 1.177511
909 1.177110
910 1.176448
911 1.176548
912 1.177449
913 1.177950
914 1.177824
915 1.178437
916 1.178605
917 1.178868
918 1.178603
919 1.178866
920 1.178565
921 1.178788
922 1.178059
923 1.177608
924 1.178005
925 1.178228
926 1.178591
927 1.178947
928 1.178202
929 1.177101
930 1.176982
931 1.177139
932 1.177134
933 1.177877
934 1.178114
935 1.178166
936 1.177623
937 1.177383
938 1.177986
939 1.177831
940 1.177938
941 1.178427
942 1.178650
943 1.178947
944 1.178387
945 1.177722
946 1.177544
947 1.178467
948 1.178301
949 1.177751
950 1.178047
951 1.178059
952 1.177829
953 1.178154
954 1.178821
955 1.179075
956 1.179419
957 1.179172
958 1.179023
959 1.179369
960 1.179379
961 1.179051
962 1.178963
963 1.179777
964 1.180081
965 1.179955
966 1.179668
967 1.179580
968 1.179474
969 1.180328
970 1.179713
971 1.178268
972 1.177853
973 1.178121
974 1.178622
975 1.178425
976 1.178586
977 1.178235
978 1.178358
979 1.178690
980 1.178733
981 1.178176
982 1.178007
983 1.178223
984 1.178270
985 1.178484
986 1.178377
987 1.179039
988 1.178683
989 1.179186
990 1.179326
991 1.178854
992 1.178982
993 1.179663
994 1.179241
995 1.178560
996 1.178795
997 1.177810
998 1.177525
999 1.177556
1000 1.177490
1001 1.176859
1002 1.176595
1003 1.177198
1004 1.177589
1005 1.177397
1006 1.177134
1007 1.177110
1008 1.177354
1009 1.177801
1010 1.177744
1011 1.177286
1012 1.177485
1013 1.177566
1014 1.177359
1015 1.177205
1016 1.177407
1017 1.177905
1018 1.178142
1019 1.178173
1020 1.177620
1021 1.177948
1022 1.178911
1023 1.179341
1024 1.178866
1025 1.179284
1026 1.179540
1027 1.179042
1028 1.178130
1029 1.178389
1030 1.178458
1031 1.178567
1032 1.177791
1033 1.178353
1034 1.178771
1035 1.178752
1036 1.179030
1037 1.179578
1038 1.179412
1039 1.178508
1040 1.178961
1041 1.178904
1042 1.179293
1043 1.179576
1044 1.179647
1045 1.179367
1046 1.179269
1047 1.178823
1048 1.179113
1049 1.178197
1050 1.178491
1051 1.178071
1052 1.178512
1053 1.178256
1054 1.178925
1055 1.179167
1056 1.179742
1057 1.179974
1058 1.179217
1059 1.179720
1060 1.179474
1061 1.179509
1062 1.179243
1063 1.179723
1064 1.180306
1065 1.179879
1066 1.179870
1067 1.180015
1068 1.180449
1069 1.179417
1070 1.179500
1071 1.180124
1072 1.180081
1073 1.179965
1074 1.179851
1075 1.179775
1076 1.179951
1077 1.180401
1078 1.179210
1079 1.179383
1080 1.179573
1081 1.179220
1082 1.178819
1083 1.179122
1084 1.178610
1085 1.178626
1086 1.179625
1087 1.179832
1088 1.180712
1089 1.181035
1090 1.180881
1091 1.180624
1092 1.179841
1093 1.180098
1094 1.180062
1095 1.180067
1096 1.180563
1097 1.180416
1098 1.180252
1099 1.179616
1100 1.180091
1101 1.179213
1102 1.178954
1103 1.179353
1104 1.179137
1105 1.178752
1106 1.178702
1107 1.178451
1108 1.178218
1109 1.177812
1110 1.177874
1111 1.177706
1112 1.177896
1113 1.178225
1114 1.178126
1115 1.178429
1116 1.178202
1117 1.177962
1118 1.178052
1119 1.177744
1120 1.177924
1121 1.177357
1122 1.177651
1123 1.177214
1124 1.177646
1125 1.177682
1126 1.178456
1127 1.178940
1128 1.179507
1129 1.179621
1130 1.179469
1131 1.179967
1132 1.180311
1133 1.180551
1134 1.180432
1135 1.180098
1136 1.179414
1137 1.179167
1138 1.179115
1139 1.179471
1140 1.179386
1141 1.179388
1142 1.179132
1143 1.179616
1144 1.179882
1145 1.179286
1146 1.179618
1147 1.179455
1148 1.179011
1149 1.179462
1150 1.179507
1151 1.178959
1152 1.179094
1153 1.179134
1154 1.178816
1155 1.179409
1156 1.179618
1157 1.179948
1158 1.180003
1159 1.180252
1160 1.179732
1161 1.179898
1162 1.179742
1163 1.179822
1164 1.180105
1165 1.180541
1166 1.181011
1167 1.181156
1168 1.181272
1169 1.180833
1170 1.180465
1171 1.180318
1172 1.180454
1173 1.180546
1174 1.180674
1175 1.180188
1176 1.179386
1177 1.179723
1178 1.179533
1179 1.179132
1180 1.179227
1181 1.178187
1182 1.177755
1183 1.178114
1184 1.178363
1185 1.178508
1186 1.178876
1187 1.178726
1188 1.178527
1189 1.179058
1190 1.179115
1191 1.179509
1192 1.178949
1193 1.178512
1194 1.178323
1195 1.178297
1196 1.178128
1197 1.178681
1198 1.177763
1199 1.178854
1200 1.178861
1201 1.179175
1202 1.178531
1203 1.178444
1204 1.178826
1205 1.179383
1206 1.178664
1207 1.178536
1208 1.179291
1209 1.179177
1210 1.179260
1211 1.179082
1212 1.179523
1213 1.179559
1214 1.179452
1215 1.180017
1216 1.179068
1217 1.178935
1218 1.179379
1219 1.179232
1220 1.177998
1221 1.178097
1222 1.178335
1223 1.178645
1224 1.178562
1225 1.178054
1226 1.177416
1227 1.177074
1228 1.177566
1229 1.177687
1230 1.178109
1231 1.177772
1232 1.178325
1233 1.179303
1234 1.179519
1235 1.179101
1236 1.180000
1237 1.179568
1238 1.179464
1239 1.179815
1240 1.179602
1241 1.179606
1242 1.179241
1243 1.179345
1244 1.179737
1245 1.179044
1246 1.178624
1247 1.178574
1248 1.179025
1249 1.179035
1250 1.178536
1251 1.179279
1252 1.179955
1253 1.180212
1254 1.180791
1255 1.180802
1256 1.180881
1257 1.180193
1258 1.179951
1259 1.180166
1260 1.180204
1261 1.179761
1262 1.179436
1263 1.178916
1264 1.178743
1265 1.178728
1266 1.178512
1267 1.178681
1268 1.178603
1269 1.178895
1270 1.178833
1271 1.178997
1272 1.178895
1273 1.178823
1274 1.178553
1275 1.177843
1276 1.177502
1277 1.177713
1278 1.177720
1279 1.177658
1280 1.177777
1281 1.177734
1282 1.177544
1283 1.178081
1284 1.178251
1285 1.178126
1286 1.178017
1287 1.178263
1288 1.178911
1289 1.179388
1290 1.178985
1291 1.178643
1292 1.177860
1293 1.177691
1294 1.177262
1295 1.177530
1296 1.177091
1297 1.177390
1298 1.177089
1299 1.177601
1300 1.177774
1301 1.177903
1302 1.177763
1303 1.177988
1304 1.178363
1305 1.178501
1306 1.179253
1307 1.179483
1308 1.179350
1309 1.179618
1310 1.179694
1311 1.179960
1312 1.180245
1313 1.179917
1314 1.180202
1315 1.179754
1316 1.179170
1317 1.178792
1318 1.178657
1319 1.178598
1320 1.178510
1321 1.177834
1322 1.177141
1323 1.176500
1324 1.176256
1325 1.176270
1326 1.176567
1327 1.176631
1328 1.177013
1329 1.177027
1330 1.177423
1331 1.176920
1332 1.177058
1333 1.176999
1334 1.177245
1335 1.177649
1336 1.177798
1337 1.176913
1338 1.176531
1339 1.176968
1340 1.177328
1341 1.177172
1342 1.177338
1343 1.177340
1344 1.177862
1345 1.177896
1346 1.178273
1347 1.177758
1348 1.178107
1349 1.178721
1350 1.179455
1351 1.179595
1352 1.179623
1353 1.179811
1354 1.179761
1355 1.179229
1356 1.178712
1357 1.178038
1358 1.178700
1359 1.178484
1360 1.178451
1361 1.178225
1362 1.178401
1363 1.178225
1364 1.178460
1365 1.178693
1366 1.178940
1367 1.178584
1368 1.178622
1369 1.178078
1370 1.178313
1371 1.178771
1372 1.178190
1373 1.178420
1374 1.178209
1375 1.177843
1376 1.178698
1377 1.178361
1378 1.178273
1379 1.178681
1380 1.179557
1381 1.179096
1382 1.179241
1383 1.178973
1384 1.179934
1385 1.180003
1386 1.180100
1387 1.180366
1388 1.180231
1389 1.179932
1390 1.179761
1391 1.179635
1392 1.180278
1393 1.180449
1394 1.180461
1395 1.180304
1396 1.180247
1397 1.180048
1398 1.180563
1399 1.180646
1400 1.180387
1401 1.180634
1402 1.180126
1403 1.180800
1404 1.180881
1405 1.180774
1406 1.180499
1407 1.180439
1408 1.180558
1409 1.180083
1410 1.179891
1411 1.179374
1412 1.179353
1413 1.179129
1414 1.179614
1415 1.179063
1416 1.178937
1417 1.178270
1418 1.178240
1419 1.178781
1420 1.179310
1421 1.179621
1422 1.179754
1423 1.179727
1424 1.179787
1425 1.180437
1426 1.180200
1427 1.179426
1428 1.179832
1429 1.180012
1430 1.180228
1431 1.180420
1432 1.180582
1433 1.180537
1434 1.180596
1435 1.180546
1436 1.180150
1437 1.180461
1438 1.180615
1439 1.181196
1440 1.181149
1441 1.180848
1442 1.180947
1443 1.181182
1444 1.180605
1445 1.180660
1446 1.179948
1447 1.179443
1448 1.179409
1449 1.179967
1450 1.179523
1451 1.179191
1452 1.178453
1453 1.178671
1454 1.179229
1455 1.178985
1456 1.178289
1457 1.178270
1458 1.178259
1459 1.178807
1460 1.178493
1461 1.178944
1462 1.178491
1463 1.178465
1464 1.178527
1465 1.178669
1466 1.178406
1467 1.177570
1468 1.177611
1469 1.177881
1470 1.177919
1471 1.177530
1472 1.176602
1473 1.176541
1474 1.177279
1475 1.177388
1476 1.177869
1477 1.177827
1478 1.177879
1479 1.178330
1480 1.178788
1481 1.178745
1482 1.178887
1483 1.178731
1484 1.180114
1485 1.179951
1486 1.180439
1487 1.181009
1488 1.181348
1489 1.181213
1490 1.181296
1491 1.181192
1492 1.180866
1493 1.181443
1494 1.181256
1495 1.180985
1496 1.180577
1497 1.179716
1498 1.180102
1499 1.180318
1500 1.180107
1501 1.179856
1502 1.179860
1503 1.179633
1504 1.179075
1505 1.179120
1506 1.179087
1507 1.178660
1508 1.178757
1509 1.179158
1510 1.178493
1511 1.178266
1512 1.177912
1513 1.177950
1514 1.177381
1515 1.177475
1516 1.176901
1517 1.178100
1518 1.178809
1519 1.178515
1520 1.178126
1521 1.178975
1522 1.178088
1523 1.178095
1524 1.178522
1525 1.179046
1526 1.179039
1527 1.178781
1528 1.178631
1529 1.178017
1530 1.177414
1531 1.176695
1532 1.177082
1533 1.176851
1534 1.177203
1535 1.177601
1536 1.177836
1537 1.178109
1538 1.178458
1539 1.179148
1540 1.179884
1541 1.179943
1542 1.178800
1543 1.179144
1544 1.178866
1545 1.179428
1546 1.179699
1547 1.180390
1548 1.180511
1549 1.180181
1550 1.180610
1551 1.180693
1552 1.181101
1553 1.181412
1554 1.181018
1555 1.181177
1556 1.181009
1557 1.181023
1558 1.180859
1559 1.180413
1560 1.180715
1561 1.180287
1562 1.180653
1563 1.180342
1564 1.180605
1565 1.180442
1566 1.180299
1567 1.179917
1568 1.179689
1569 1.179991
1570 1.179580
1571 1.178861
1572 1.179239
1573 1.178636
1574 1.178650
1575 1.178982
1576 1.178645
1577 1.178441
1578 1.178854
1579 1.178814
1580 1.178584
1581 1.178674
1582 1.178686
1583 1.178876
1584 1.179535
1585 1.179483
1586 1.179775
1587 1.179986
1588 1.180598
1589 1.180907
1590 1.180973
1591 1.180007
1592 1.179962
1593 1.181009
1594 1.181377
1595 1.181341
1596 1.181182
1597 1.180914
1598 1.180750
1599 1.180371
1600 1.180126
1601 1.179863
1602 1.179134
1603 1.179694
1604 1.180385
1605 1.180432
1606 1.180207
1607 1.179250
1608 1.179360
1609 1.179545
1610 1.179592
1611 1.179227
1612 1.179137
1613 1.179528
1614 1.179179
1615 1.179409
1616 1.179189
1617 1.178548
1618 1.179144
1619 1.179120
1620 1.179319
1621 1.178966
1622 1.178921
1623 1.178852
1624 1.179369
1625 1.179763
1626 1.180045
1627 1.179875
1628 1.179675
1629 1.179773
1630 1.179189
1631 1.179595
1632 1.179039
1633 1.178655
1634 1.179108
1635 1.178930
1636 1.179172
1637 1.179623
1638 1.180240
1639 1.180086
1640 1.180532
1641 1.181071
1642 1.181372
1643 1.181144
1644 1.180878
1645 1.180826
1646 1.181282
1647 1.182138
1648 1.181899
1649 1.181968
1650 1.181502
1651 1.180558
1652 1.180539
1653 1.180202
1654 1.180007
1655 1.180019
1656 1.179765
1657 1.180057
1658 1.180152
1659 1.180276
1660 1.180328
1661 1.181116
1662 1.180375
1663 1.180216
1664 1.180185
1665 1.180269
1666 1.179367
1667 1.179234
1668 1.178268
1669 1.178975
1670 1.178970
1671 1.179094
1672 1.178617
1673 1.179182
1674 1.179051
1675 1.179013
