1 1.138556
2 1.118065
3 1.106708
4 1.099411
5 1.094435
6 1.090073
7 1.086027
8 1.081777
9 1.077964
10 1.074053
11 1.069502
12 1.065907
13 1.062715
14 1.058420
15 1.054110
16 1.050539
17 1.047746
18 1.044483
19 1.041785
20 1.038956
21 1.035876
22 1.033824
23 1.032305
24 1.030447
25 1.028919
26 1.027281
27 1.026185
28 1.025492
29 1.024398
30 1.022614
31 1.022080
32 1.021399
33 1.020860
34 1.020632
35 1.020122
36 1.021278
37 1.021259
38 1.021664
39 1.021726
40 1.021859
41 1.022072
42 1.022623
43 1.022466
44 1.023136
45 1.023266
46 1.023852
47 1.024673
48 1.024956
49 1.025444
50 1.025846
51 1.026792
52 1.027813
53 1.028812
54 1.029123
55 1.030743
56 1.031652
57 1.032106
58 1.032900
59 1.033370
60 1.035518
61 1.036346
62 1.037748
63 1.038897
64 1.040477
65 1.041325
66 1.042680
67 1.044445
68 1.046090
69 1.047599
70 1.048648
71 1.049538
72 1.050636
73 1.052435
74 1.053315
75 1.054846
76 1.056082
77 1.057202
78 1.058237
79 1.059855
80 1.061718
81 1.062833
82 1.064267
83 1.066058
84 1.068242
85 1.069378
86 1.070868
87 1.071967
88 1.073405
89 1.075062
90 1.076326
91 1.077534
92 1.078607
93 1.080598
94 1.081803
95 1.083858
96 1.086276
97 1.088172
98 1.089603
99 1.090194
100 1.092145
101 1.093184
102 1.094814
103 1.096383
104 1.097460
105 1.098393
106 1.099679
107 1.100695
108 1.101580
109 1.103158
110 1.104627
111 1.105495
112 1.105775
113 1.107313
114 1.108253
115 1.109408
116 1.110080
117 1.111853
118 1.113049
119 1.113898
120 1.115338
121 1.116527
122 1.117918
123 1.119586
124 1.120820
125 1.121470
126 1.122588
127 1.123210
128 1.123392
129 1.123877
130 1.124323
131 1.125092
132 1.125789
133 1.127332
134 1.128162
135 1.128696
136 1.129465
137 1.130428
138 1.130972
139 1.131432
140 1.131938
141 1.132920
142 1.132799
143 1.133338
144 1.134655
145 1.135872
146 1.136100
147 1.136698
148 1.137343
149 1.137922
150 1.139299
151 1.140205
152 1.140739
153 1.141002
154 1.142042
155 1.141992
156 1.142922
157 1.143487
158 1.144237
159 1.145490
160 1.145468
161 1.146771
162 1.147706
163 1.147578
164 1.147958
165 1.149227
166 1.150279
167 1.150931
168 1.152160
169 1.152754
170 1.153155
171 1.154066
172 1.154633
173 1.155857
174 1.155952
175 1.156465
176 1.156878
177 1.157305
178 1.157269
179 1.157485
180 1.158152
181 1.158643
182 1.159298
183 1.159562
184 1.159944
185 1.160535
186 1.159725
187 1.160482
188 1.161481
189 1.161982
190 1.162637
191 1.163306
192 1.164531
193 1.164597
194 1.165468
195 1.166019
196 1.166284
197 1.166477
198 1.167231
199 1.166583
200 1.166683
201 1.167143
202 1.167433
203 1.168135
204 1.168432
205 1.168342
206 1.168228
207 1.168840
208 1.169132
209 1.168539
210 1.169341
211 1.169438
212 1.170020
213 1.169637
214 1.169156
215 1.170067
216 1.170281
217 1.170985
218 1.170914
219 1.171061
220 1.171545
221 1.172044
222 1.173038
223 1.172926
224 1.172832
225 1.172953
226 1.173351
227 1.173508
228 1.173724
229 1.173985
230 1.174082
231 1.174531
232 1.174618
233 1.174730
234 1.174540
235 1.174277
236 1.174737
237 1.174962
238 1.175133
239 1.174903
240 1.175247
241 1.175119
242 1.174929
243 1.175636
244 1.175679
245 1.175893
246 1.176510
247 1.176571
248 1.177067
249 1.177525
250 1.178382
251 1.178413
252 1.178579
253 1.178069
254 1.177886
255 1.178028
256 1.178605
257 1.178365
258 1.178607
259 1.179194
260 1.178954
261 1.180226
262 1.180831
263 1.181196
264 1.181533
265 1.181548
266 1.181355
267 1.181873
268 1.181678
269 1.181327
270 1.181308
271 1.181479
272 1.181545
273 1.181683
274 1.182122
275 1.182274
276 1.182483
277 1.182708
278 1.182796
279 1.183223
280 1.183173
281 1.183085
282 1.183168
283 1.183111
284 1.183441
285 1.183773
286 1.183569
287 1.183954
288 1.183973
289 1.183565
290 1.183605
291 1.184284
292 1.184630
293 1.184587
294 1.184772
295 1.184758
296 1.185489
297 1.185724
298 1.185819
299 1.186241
300 1.186073
301 1.185724
302 1.185655
303 1.186075
304 1.186455
305 1.186374
306 1.186332
307 1.186666
308 1.186139
309 1.185790
310 1.186151
311 1.186099
312 1.186004
313 1.185781
314 1.185992
315 1.186835
316 1.186837
317 1.187262
318 1.187437
319 1.187252
320 1.187032
321 1.186768
322 1.187528
323 1.187952
324 1.187855
325 1.187513
326 1.187872
327 1.187983
328 1.187990
329 1.188156
330 1.189030
331 1.188664
332 1.189034
333 1.189170
334 1.188866
335 1.188384
336 1.188085
337 1.188033
338 1.188344
339 1.188311
340 1.188747
341 1.189020
342 1.189011
343 1.189922
344 1.190572
345 1.190430
346 1.190601
347 1.189863
348 1.189853
349 1.190211
350 1.189967
351 1.190878
352 1.190510
353 1.190328
354 1.190126
355 1.189364
356 1.189768
357 1.190112
358 1.189580
359 1.189651
360 1.189108
361 1.189976
362 1.190596
363 1.190349
364 1.190017
365 1.189860
366 1.190173
367 1.190451
368 1.190560
369 1.190000
370 1.189903
371 1.190088
372 1.190003
373 1.190275
374 1.190105
375 1.189620
376 1.189435
377 1.189184
378 1.188766
379 1.188548
380 1.188935
381 1.189507
382 1.189827
383 1.190330
384 1.190097
385 1.190055
386 1.190278
387 1.191059
388 1.191272
389 1.191303
390 1.190679
391 1.190309
392 1.190660
393 1.190242
394 1.190451
395 1.190854
396 1.190648
397 1.190686
398 1.191097
399 1.190624
400 1.190392
401 1.190541
402 1.190586
403 1.190323
404 1.190465
405 1.190302
406 1.190373
407 1.190048
408 1.189936
409 1.189891
410 1.189893
411 1.190031
412 1.189891
413 1.189163
414 1.189219
415 1.189440
416 1.189604
417 1.189644
418 1.189395
419 1.189210
420 1.189405
421 1.189098
422 1.189511
423 1.190302
424 1.190200
425 1.189820
426 1.190411
427 1.189976
428 1.189602
429 1.188752
430 1.188306
431 1.187817
432 1.188118
433 1.188745
434 1.189167
435 1.189639
436 1.189879
437 1.190684
438 1.190529
439 1.190786
440 1.190840
441 1.191412
442 1.191614
443 1.191600
444 1.191761
445 1.191687
446 1.191486
447 1.190961
448 1.190254
449 1.190389
450 1.190306
451 1.190380
452 1.189851
453 1.189874
454 1.189808
455 1.189504
456 1.189424
457 1.189571
458 1.189817
459 1.189004
460 1.188633
461 1.188621
462 1.188939
463 1.189338
464 1.189158
465 1.189324
466 1.188807
467 1.189193
468 1.189905
469 1.189692
470 1.190131
471 1.190240
472 1.190152
473 1.190185
474 1.190242
475 1.190316
476 1.190544
477 1.190693
478 1.190411
479 1.190703
480 1.190650
481 1.191151
482 1.191536
483 1.191441
484 1.191127
485 1.191199
486 1.191742
487 1.191915
488 1.192269
489 1.192762
490 1.191998
491 1.191246
492 1.191721
493 1.191457
494 1.190646
495 1.190895
496 1.191424
497 1.191697
498 1.192349
499 1.192383
500 1.192421
501 1.192171
502 1.191975
503 1.192494
504 1.192943
505 1.192217
506 1.191851
507 1.191621
508 1.191673
509 1.191286
510 1.191035
511 1.190328
512 1.189798
513 1.190309
514 1.189848
515 1.189858
516 1.189495
517 1.188901
518 1.188999
519 1.188840
520 1.188460
521 1.187940
522 1.188667
523 1.188747
524 1.188263
525 1.188194
526 1.188598
527 1.189063
528 1.188783
529 1.188621
530 1.188171
531 1.188308
532 1.187905
533 1.188524
534 1.189459
535 1.189590
536 1.190126
537 1.189974
538 1.189889
539 1.190292
540 1.190010
541 1.189464
542 1.190159
543 1.190062
544 1.189701
545 1.189948
546 1.189639
547 1.190181
548 1.189656
549 1.189473
550 1.190223
551 1.191030
552 1.190771
553 1.191049
554 1.190869
555 1.190790
556 1.191018
557 1.191728
558 1.192577
559 1.192938
560 1.192750
561 1.192658
562 1.192240
563 1.192535
564 1.192573
565 1.192300
566 1.192043
567 1.192205
568 1.192323
569 1.192606
570 1.193790
571 1.193797
572 1.193901
573 1.194264
574 1.193652
575 1.193799
576 1.193636
577 1.193087
578 1.193892
579 1.193244
580 1.193405
581 1.193194
582 1.193171
583 1.193315
584 1.192855
585 1.192371
586 1.192665
587 1.192943
588 1.193325
589 1.193728
590 1.193923
591 1.194208
592 1.194184
593 1.194167
594 1.194241
595 1.194022
596 1.193657
597 1.194091
598 1.193567
599 1.193109
600 1.193133
601 1.193325
602 1.193738
603 1.193645
604 1.193621
605 1.193515
606 1.193761
607 1.193432
608 1.193531
609 1.194146
610 1.193446
611 1.193750
612 1.194257
613 1.193913
614 1.194435
615 1.193854
616 1.192940
617 1.192473
618 1.192112
619 1.191398
620 1.191187
621 1.191130
622 1.191218
623 1.190992
624 1.191229
625 1.190949
626 1.191180
627 1.191450
628 1.192043
629 1.192860
630 1.191932
631 1.191887
632 1.192392
633 1.192069
634 1.192506
635 1.193016
636 1.192997
637 1.193225
638 1.192981
639 1.193016
640 1.193742
641 1.192834
642 1.192684
643 1.192243
644 1.192029
645 1.191756
646 1.191244
647 1.191467
648 1.191324
649 1.191227
650 1.191941
651 1.191877
652 1.191706
653 1.191495
654 1.191533
655 1.191839
656 1.192366
657 1.192542
658 1.192357
659 1.192129
660 1.192122
661 1.192008
662 1.192003
663 1.191787
664 1.192015
665 1.191583
666 1.191721
667 1.191863
668 1.192219
669 1.192091
670 1.192428
671 1.192190
672 1.192694
673 1.193289
674 1.193610
675 1.194105
676 1.194343
677 1.194340
678 1.194124
679 1.193512
680 1.193631
681 1.193754
682 1.194129
683 1.194108
684 1.193569
685 1.194170
686 1.193712
687 1.194030
688 1.193913
689 1.193795
690 1.193488
691 1.192971
692 1.192399
693 1.192618
694 1.192990
695 1.192613
696 1.192399
697 1.192091
698 1.192359
699 1.193123
700 1.193194
701 1.193078
702 1.192914
703 1.192727
704 1.193232
705 1.193816
706 1.193339
707 1.192796
708 1.193142
709 1.192670
710 1.192599
711 1.193289
712 1.193612
713 1.193873
714 1.193617
715 1.193432
716 1.193643
717 1.193199
718 1.193534
719 1.192791
720 1.193370
721 1.193294
722 1.193935
723 1.194267
724 1.194765
725 1.194938
726 1.195095
727 1.195256
728 1.195007
729 1.195026
730 1.196035
731 1.196528
732 1.196849
733 1.196792
734 1.196687
735 1.196521
736 1.196353
737 1.196020
738 1.195385
739 1.194618
740 1.194426
741 1.193757
742 1.193731
743 1.194084
744 1.194153
745 1.194008
746 1.193500
747 1.193187
748 1.192627
749 1.193026
750 1.193149
751 1.193035
752 1.193432
753 1.193097
754 1.193410
755 1.193076
756 1.193512
757 1.193166
758 1.192969
759 1.192836
760 1.191989
761 1.192141
762 1.191887
763 1.192269
764 1.191896
765 1.192314
766 1.192245
767 1.191975
768 1.192537
769 1.192347
770 1.192361
771 1.191913
772 1.190945
773 1.190551
774 1.190940
775 1.191080
776 1.190805
777 1.190437
778 1.190373
779 1.190919
780 1.191780
781 1.191554
782 1.191877
783 1.191785
784 1.191317
785 1.190790
786 1.190676
787 1.190997
788 1.191431
789 1.191569
790 1.192034
791 1.191607
792 1.191861
793 1.191493
794 1.192043
795 1.192326
796 1.191991
797 1.191778
798 1.191547
799 1.191761
800 1.191400
801 1.191673
802 1.191498
803 1.192084
804 1.192048
805 1.192145
806 1.192722
807 1.192537
808 1.192705
809 1.192589
810 1.192278
811 1.192274
812 1.191635
813 1.191341
814 1.190959
815 1.190826
816 1.191445
817 1.191744
818 1.191678
819 1.192176
820 1.192338
821 1.192468
822 1.192354
823 1.192395
824 1.191664
825 1.192727
826 1.192710
827 1.192810
828 1.193118
829 1.193515
830 1.193218
831 1.192656
832 1.191763
833 1.192062
834 1.191915
835 1.192008
836 1.191782
837 1.191106
838 1.191284
839 1.191630
840 1.192005
841 1.192378
842 1.192912
843 1.193360
844 1.192988
845 1.192888
846 1.192886
847 1.193142
848 1.193707
849 1.194179
850 1.193640
851 1.193638
852 1.193795
853 1.194065
854 1.193913
855 1.193576
856 1.193688
857 1.193963
858 1.194407
859 1.193719
860 1.193171
861 1.192940
862 1.192850
863 1.192995
864 1.192748
865 1.192596
866 1.192217
867 1.192300
868 1.192554
869 1.193344
870 1.193194
871 1.193028
872 1.193144
873 1.193216
874 1.193541
875 1.192881
876 1.192762
877 1.192890
878 1.192198
879 1.192373
880 1.192872
881 1.192689
882 1.193197
883 1.193189
884 1.193216
885 1.192743
886 1.192845
887 1.192675
888 1.192568
889 1.192537
890 1.191993
891 1.192613
892 1.192060
893 1.192224
894 1.191849
895 1.191725
896 1.191545
897 1.191398
898 1.191476
899 1.191177
900 1.190902
901 1.191600
902 1.190973
903 1.191676
904 1.191785
905 1.192224
906 1.192691
907 1.192895
908 1.192950
909 1.193187
910 1.192532
911 1.192050
912 1.191552
913 1.191623
914 1.191604
915 1.192402
916 1.192444
917 1.192352
918 1.192012
919 1.191884
920 1.191963
921 1.192024
922 1.192767
923 1.192349
924 1.191858
925 1.191690
926 1.191419
927 1.191642
928 1.190902
929 1.190878
930 1.190771
931 1.190548
932 1.191021
933 1.191462
934 1.191666
935 1.191645
936 1.191161
937 1.191175
938 1.190354
939 1.190366
940 1.190432
941 1.190192
942 1.190181
943 1.190271
944 1.190617
945 1.190911
946 1.190973
947 1.191130
948 1.192300
949 1.192352
950 1.192506
951 1.192245
952 1.192053
953 1.191808
954 1.192470
955 1.192696
956 1.192926
957 1.192558
958 1.192252
959 1.192580
960 1.191837
961 1.192186
962 1.191915
963 1.191602
964 1.190812
965 1.191469
966 1.191856
967 1.192252
968 1.192122
969 1.192183
970 1.192217
971 1.192494
972 1.192269
973 1.192364
974 1.192966
975 1.193712
976 1.193759
977 1.193707
978 1.193282
979 1.193182
980 1.192957
981 1.192708
982 1.193244
983 1.192869
984 1.193598
985 1.193474
986 1.193246
987 1.192945
988 1.193061
989 1.193348
990 1.193389
991 1.192853
992 1.193104
993 1.193842
994 1.193394
995 1.193716
996 1.193890
997 1.193887
998 1.193398
999 1.193458
1000 1.193595
