1 1.163553
2 1.149624
3 1.141561
4 1.134063
5 1.128611
6 1.123141
7 1.118436
8 1.112943
9 1.107355
10 1.102205
11 1.096581
12 1.090233
13 1.084805
14 1.080415
15 1.075485
16 1.070502
17 1.066308
18 1.062303
19 1.057622
20 1.054733
21 1.051898
22 1.047656
23 1.044856
24 1.042020
25 1.038472
26 1.035221
27 1.031152
28 1.028553
29 1.027396
30 1.024543
31 1.020989
32 1.018830
33 1.016949
34 1.015223
35 1.013941
36 1.013722
37 1.011521
38 1.009676
39 1.008911
40 1.007445
41 1.006638
42 1.006021
43 1.006449
44 1.004782
45 1.003352
46 1.003666
47 1.003328
48 1.003435
49 1.004574
50 1.005369
51 1.005316
52 1.004378
53 1.004592
54 1.004776
55 1.006294
56 1.006793
57 1.007766
58 1.007855
59 1.008139
60 1.008822
61 1.009818
62 1.011005
63 1.012257
64 1.013841
65 1.013858
66 1.014499
67 1.015952
68 1.016564
69 1.018064
70 1.018604
71 1.019743
72 1.020503
73 1.022182
74 1.023991
75 1.026020
76 1.026957
77 1.027248
78 1.028470
79 1.031104
80 1.032172
81 1.033465
82 1.036093
83 1.035298
84 1.036675
85 1.037523
86 1.039374
87 1.041272
88 1.042999
89 1.044191
90 1.045378
91 1.047045
92 1.048439
93 1.050331
94 1.051019
95 1.051648
96 1.053772
97 1.054947
98 1.055938
99 1.056881
100 1.058880
101 1.061490
102 1.063507
103 1.064190
104 1.065922
105 1.066699
106 1.068242
107 1.069066
108 1.069238
109 1.071148
110 1.072074
111 1.073960
112 1.075853
113 1.076583
114 1.078795
115 1.080302
116 1.081163
117 1.082930
118 1.084414
119 1.084781
120 1.085564
121 1.086537
122 1.086698
123 1.087700
124 1.088887
125 1.090850
126 1.092559
127 1.093063
128 1.092719
129 1.093668
130 1.095181
131 1.095584
132 1.097216
133 1.099055
134 1.099885
135 1.100817
136 1.102086
137 1.102336
138 1.102953
139 1.103742
140 1.104359
141 1.105842
142 1.107497
143 1.107532
144 1.107823
145 1.108494
146 1.109277
147 1.111074
148 1.111923
149 1.113507
150 1.114076
151 1.115357
152 1.115162
153 1.114895
154 1.115814
155 1.115607
156 1.116295
157 1.117837
158 1.117250
159 1.118187
160 1.118822
161 1.120127
162 1.120744
163 1.121403
164 1.121836
165 1.121948
166 1.121931
167 1.123799
168 1.124138
169 1.124387
170 1.125229
171 1.124980
172 1.124280
173 1.124321
174 1.125579
175 1.127199
176 1.127620
177 1.127934
178 1.128409
179 1.129228
180 1.129845
181 1.130218
182 1.130746
183 1.131286
184 1.131108
185 1.132289
186 1.132544
187 1.133345
188 1.132698
189 1.134033
190 1.133950
191 1.134763
192 1.134905
193 1.134626
194 1.135700
195 1.135682
196 1.135255
197 1.136655
198 1.137118
199 1.138340
200 1.139289
201 1.139437
202 1.139236
203 1.139117
204 1.139224
205 1.139888
206 1.140096
207 1.138892
208 1.139265
209 1.138002
210 1.138037
211 1.138488
212 1.139930
213 1.140594
214 1.140778
215 1.141027
216 1.141027
217 1.141466
218 1.140256
219 1.140031
220 1.140630
221 1.140488
222 1.140689
223 1.141288
224 1.141692
225 1.141680
226 1.141081
227 1.140725
228 1.140838
229 1.141751
230 1.141822
231 1.142220
232 1.142576
233 1.142184
234 1.142469
235 1.141870
236 1.144000
237 1.143056
238 1.143602
239 1.143039
240 1.142113
241 1.142659
242 1.144160
243 1.143596
244 1.144587
245 1.143940
246 1.143104
247 1.143638
248 1.144172
249 1.145008
250 1.145963
251 1.146598
252 1.146628
253 1.146467
254 1.145673
255 1.146147
256 1.146865
257 1.146527
258 1.147144
259 1.147719
260 1.147957
261 1.147245
262 1.148431
263 1.148811
264 1.148615
265 1.148176
266 1.148929
267 1.148668
268 1.149434
269 1.149825
270 1.151326
271 1.151036
272 1.150774
273 1.149671
274 1.150175
275 1.151267
276 1.151943
277 1.151949
278 1.150982
279 1.149938
280 1.150656
281 1.151202
282 1.151623
283 1.151629
284 1.151439
285 1.151564
286 1.151789
287 1.151196
288 1.151623
289 1.151113
290 1.152198
291 1.152489
292 1.152287
293 1.152940
294 1.153474
295 1.153414
296 1.153094
297 1.152495
298 1.151652
299 1.151943
300 1.152050
301 1.152525
302 1.152661
303 1.152750
304 1.152809
305 1.152762
306 1.153984
307 1.154055
308 1.154215
309 1.153770
310 1.153741
311 1.152863
312 1.152471
313 1.152708
314 1.153070
315 1.154257
316 1.153379
317 1.152720
318 1.153865
319 1.154844
320 1.154595
321 1.154251
322 1.154168
323 1.154619
324 1.155776
325 1.155307
326 1.154607
327 1.154642
328 1.155028
329 1.154880
330 1.155277
331 1.153545
332 1.153592
333 1.153118
334 1.152744
335 1.153865
336 1.153521
337 1.153948
338 1.154162
339 1.154548
340 1.154346
341 1.154423
342 1.154031
343 1.154702
344 1.154951
345 1.155022
346 1.154565
347 1.154565
348 1.153753
349 1.154079
350 1.154714
351 1.154233
352 1.154346
353 1.152436
354 1.152228
355 1.151718
356 1.152809
357 1.153978
358 1.154927
359 1.155093
360 1.156090
361 1.155538
362 1.155431
363 1.155609
364 1.155598
365 1.156304
366 1.156470
367 1.156891
368 1.157182
369 1.157401
370 1.156642
371 1.156654
372 1.157609
373 1.156968
374 1.157259
375 1.157081
376 1.157893
377 1.158208
378 1.158398
379 1.157650
380 1.157692
381 1.158119
382 1.158083
383 1.159638
384 1.160450
385 1.160284
386 1.160094
387 1.161370
388 1.160878
389 1.159750
390 1.158582
391 1.159003
392 1.159234
393 1.158214
394 1.157893
395 1.157443
396 1.157644
397 1.157627
398 1.158012
399 1.157988
400 1.158540
401 1.158831
402 1.159104
403 1.159080
404 1.159507
405 1.159596
406 1.160522
407 1.160539
408 1.159299
409 1.159341
410 1.158582
411 1.159282
412 1.158546
413 1.158012
414 1.158469
415 1.159964
416 1.159305
417 1.160154
418 1.159430
419 1.159139
420 1.160065
421 1.159495
422 1.160225
423 1.161299
424 1.160949
425 1.161020
426 1.161566
427 1.160889
428 1.161222
429 1.161311
430 1.160587
431 1.160059
432 1.160130
433 1.160753
434 1.160118
435 1.159638
436 1.159543
437 1.159626
438 1.160011
439 1.160266
440 1.159845
441 1.159086
442 1.158843
443 1.158000
444 1.157828
445 1.158878
446 1.159056
447 1.159703
448 1.158736
449 1.159371
450 1.158528
451 1.157769
452 1.156719
453 1.156535
454 1.157840
455 1.157757
456 1.157686
457 1.159371
458 1.158694
459 1.159501
460 1.159845
461 1.160545
462 1.160403
463 1.159477
464 1.159157
465 1.158979
466 1.158706
467 1.158297
468 1.157656
469 1.158321
470 1.158238
471 1.157360
472 1.157804
473 1.157971
474 1.158700
475 1.159572
476 1.160284
477 1.160355
478 1.160035
479 1.159964
480 1.158884
481 1.159590
482 1.160130
483 1.160581
484 1.159970
485 1.158344
486 1.157787
487 1.157484
488 1.157573
489 1.156944
490 1.157449
491 1.157852
492 1.158190
493 1.158451
494 1.157490
495 1.157965
496 1.156849
497 1.157520
498 1.157692
499 1.158155
500 1.158594
501 1.158700
502 1.158000
503 1.158054
504 1.157431
505 1.158309
506 1.157864
507 1.158113
508 1.159323
509 1.160213
510 1.160575
511 1.159774
512 1.159074
513 1.158843
514 1.158516
515 1.158321
516 1.157923
517 1.158694
518 1.159495
519 1.160338
520 1.161886
521 1.161589
522 1.161305
523 1.160913
524 1.160249
525 1.160083
526 1.160812
527 1.160907
528 1.160350
529 1.160759
530 1.160961
531 1.160599
532 1.159062
533 1.159940
534 1.159685
535 1.159810
536 1.160872
537 1.161103
538 1.161791
539 1.162408
540 1.162723
541 1.163114
542 1.163144
543 1.163707
544 1.163387
545 1.162841
546 1.163061
547 1.162954
548 1.163968
549 1.164935
550 1.164799
551 1.164787
552 1.163316
553 1.163019
554 1.162912
555 1.162978
556 1.162651
557 1.163838
558 1.163654
559 1.163956
560 1.163684
561 1.163286
562 1.162990
563 1.162106
564 1.161560
565 1.161239
566 1.159822
567 1.159412
568 1.158926
569 1.159650
570 1.159424
571 1.160794
572 1.160391
573 1.160694
574 1.159673
575 1.160290
576 1.161595
577 1.162260
578 1.162373
579 1.162206
580 1.162058
581 1.161922
582 1.160800
583 1.162622
584 1.164045
585 1.163553
586 1.162212
587 1.161518
588 1.161530
589 1.161115
590 1.161411
591 1.161886
592 1.161815
593 1.162515
594 1.161934
595 1.160913
596 1.160344
597 1.161720
598 1.161809
599 1.161417
600 1.161465
601 1.161785
602 1.162675
603 1.163446
604 1.163749
605 1.163779
606 1.162545
607 1.161328
608 1.160747
609 1.160350
610 1.161257
611 1.161506
612 1.161951
613 1.162497
614 1.163713
615 1.163102
616 1.161999
617 1.162076
618 1.161975
619 1.162788
620 1.163055
621 1.163245
622 1.162877
623 1.162230
624 1.162610
625 1.162823
626 1.163601
627 1.163731
628 1.163345
629 1.162740
630 1.162912
631 1.162313
632 1.161821
633 1.161589
634 1.162076
635 1.161981
636 1.161512
637 1.160599
638 1.160563
639 1.160302
640 1.160379
641 1.160035
642 1.160177
643 1.159976
644 1.159400
645 1.159620
646 1.160522
647 1.159952
648 1.158979
649 1.159780
650 1.159021
651 1.159994
652 1.159584
653 1.158944
654 1.159258
655 1.159578
656 1.159786
657 1.160029
658 1.160112
659 1.160486
660 1.160854
661 1.161228
662 1.161162
663 1.160990
664 1.161103
665 1.161121
666 1.161370
667 1.161293
668 1.161850
669 1.161447
670 1.160717
671 1.161026
672 1.160961
673 1.161305
674 1.161750
675 1.160919
676 1.160302
677 1.159768
678 1.159305
679 1.161186
680 1.161483
681 1.160824
682 1.161328
683 1.160397
684 1.161613
685 1.160996
686 1.160753
687 1.160741
688 1.161773
689 1.160605
690 1.161572
691 1.160599
692 1.160071
693 1.160539
694 1.160195
695 1.159792
696 1.160350
697 1.160812
698 1.160789
699 1.160545
700 1.161038
701 1.160504
702 1.161394
703 1.161589
704 1.162171
705 1.161827
706 1.162023
707 1.163411
708 1.163328
709 1.163719
710 1.163535
711 1.163167
712 1.162361
713 1.162195
714 1.161026
715 1.161376
716 1.161352
717 1.162723
718 1.161637
719 1.161489
720 1.161411
721 1.161661
722 1.161239
723 1.160195
724 1.159715
725 1.159187
726 1.160136
727 1.160183
728 1.160255
729 1.160261
730 1.160439
731 1.160166
732 1.160023
733 1.160391
734 1.160231
735 1.160124
736 1.160112
737 1.161281
738 1.160824
739 1.161672
740 1.162734
741 1.162901
742 1.163541
743 1.162788
744 1.163974
745 1.164479
746 1.165463
747 1.164757
748 1.163820
749 1.163891
750 1.165030
751 1.165048
752 1.165042
753 1.164704
754 1.165232
755 1.166205
756 1.166555
757 1.166407
758 1.165772
759 1.165214
760 1.166608
761 1.167154
762 1.166988
763 1.167124
764 1.167362
765 1.167006
766 1.165813
767 1.165042
768 1.165285
769 1.165119
770 1.166401
771 1.166353
772 1.165018
773 1.165018
774 1.165042
775 1.164989
776 1.165392
777 1.165119
778 1.165523
779 1.164425
780 1.163114
781 1.163951
782 1.163013
783 1.162657
784 1.162236
785 1.161512
786 1.161589
787 1.161287
788 1.162634
789 1.161067
790 1.161228
791 1.161026
792 1.161275
793 1.161423
794 1.161643
795 1.161109
796 1.160818
797 1.160605
798 1.161287
799 1.160812
800 1.161020
801 1.160771
802 1.160450
803 1.161637
804 1.161554
805 1.161471
806 1.161910
807 1.161417
808 1.161892
809 1.162497
810 1.161133
811 1.161518
812 1.161032
813 1.161981
814 1.162823
815 1.161892
816 1.162242
817 1.162420
818 1.161085
819 1.160136
820 1.160177
821 1.160000
822 1.160569
823 1.161423
824 1.162165
825 1.161566
826 1.161459
827 1.161578
828 1.162218
829 1.162770
830 1.163197
831 1.163090
832 1.163577
833 1.163927
834 1.163636
835 1.163084
836 1.162473
837 1.163666
838 1.163868
839 1.163713
840 1.163547
841 1.163678
842 1.164247
843 1.164627
844 1.164852
845 1.164817
846 1.164034
847 1.164378
848 1.165072
849 1.166086
850 1.166134
851 1.164876
852 1.164283
853 1.163411
854 1.162770
855 1.162289
856 1.162942
857 1.163523
858 1.163156
859 1.163814
860 1.163434
861 1.162723
862 1.162699
863 1.163304
864 1.163251
865 1.163179
866 1.162325
867 1.161957
868 1.163411
869 1.163678
870 1.162384
871 1.161435
872 1.160919
873 1.160818
874 1.160308
875 1.159940
876 1.160000
877 1.161091
878 1.161536
879 1.161429
880 1.162272
881 1.161886
882 1.162307
883 1.162723
884 1.162622
885 1.162776
886 1.161856
887 1.162236
888 1.162628
889 1.162325
890 1.161750
891 1.161916
892 1.161637
893 1.161008
894 1.160077
895 1.160035
896 1.160059
897 1.161269
898 1.160961
899 1.160035
900 1.159222
901 1.159015
902 1.160676
903 1.161144
904 1.161453
905 1.160818
906 1.161162
907 1.161850
908 1.162717
909 1.162622
910 1.162746
911 1.162349
912 1.162408
913 1.161981
914 1.162082
915 1.161471
916 1.161269
917 1.159513
918 1.160142
919 1.160599
920 1.161750
921 1.161702
922 1.162260
923 1.163743
924 1.163719
925 1.164704
926 1.164918
927 1.164799
928 1.165190
929 1.165107
930 1.164235
931 1.164206
932 1.163784
933 1.162183
934 1.162503
935 1.162218
936 1.162040
937 1.162699
938 1.163108
939 1.163565
940 1.162776
941 1.162669
942 1.162426
943 1.162325
944 1.162289
945 1.161779
946 1.161655
947 1.161589
948 1.161097
949 1.162462
950 1.163838
951 1.164484
952 1.164757
953 1.164811
954 1.165807
955 1.164514
956 1.163695
957 1.163808
958 1.163802
959 1.164805
960 1.164621
961 1.164858
962 1.165250
963 1.165119
964 1.164235
965 1.164573
966 1.163138
967 1.163553
968 1.163019
969 1.162847
970 1.163322
971 1.163084
972 1.163102
973 1.163185
974 1.163583
975 1.165238
976 1.165451
977 1.164336
978 1.165007
979 1.164176
980 1.164218
981 1.163001
982 1.162930
983 1.163120
984 1.162610
985 1.162634
986 1.163381
987 1.164573
988 1.162746
989 1.162752
990 1.162610
991 1.163179
992 1.163553
993 1.163280
994 1.163405
995 1.163221
996 1.163660
997 1.162895
998 1.162236
999 1.162349
1000 1.162236
1001 1.162426
1002 1.163037
1003 1.163879
1004 1.164639
1005 1.164449
1006 1.165066
1007 1.165689
1008 1.165232
1009 1.165594
1010 1.166638
1011 1.166068
1012 1.166359
1013 1.165285
1014 1.165546
1015 1.165012
1016 1.164247
1017 1.163666
1018 1.163073
1019 1.162663
1020 1.162485
1021 1.162681
1022 1.162657
1023 1.162189
1024 1.161791
1025 1.162106
1026 1.162212
1027 1.162895
1028 1.162200
1029 1.161649
1030 1.162823
1031 1.162272
1032 1.162568
1033 1.162046
1034 1.162438
1035 1.162835
1036 1.162278
1037 1.161566
1038 1.162284
1039 1.161916
1040 1.162948
1041 1.163517
1042 1.163506
1043 1.162901
1044 1.162479
1045 1.162580
1046 1.162990
1047 1.162396
1048 1.161174
1049 1.161613
1050 1.160658
1051 1.159905
1052 1.161275
1053 1.160872
1054 1.160741
1055 1.161168
1056 1.161222
1057 1.161026
1058 1.161566
1059 1.162230
1060 1.162663
1061 1.162663
1062 1.162645
1063 1.162539
1064 1.162616
1065 1.162924
1066 1.162206
1067 1.161815
1068 1.161281
1069 1.161750
1070 1.162930
1071 1.162877
1072 1.163357
1073 1.163363
1074 1.163909
1075 1.164265
1076 1.163630
1077 1.163535
1078 1.162990
1079 1.164247
1080 1.165629
1081 1.164698
1082 1.165523
1083 1.165606
1084 1.166140
1085 1.166822
1086 1.167641
1087 1.166769
1088 1.166573
1089 1.166638
1090 1.167107
1091 1.166650
1092 1.167190
1093 1.167765
1094 1.167830
1095 1.167795
1096 1.168305
1097 1.166567
1098 1.166163
1099 1.165849
1100 1.165434
1101 1.165968
1102 1.166769
1103 1.166389
1104 1.165457
1105 1.166810
1106 1.166680
1107 1.167890
1108 1.166436
1109 1.165618
1110 1.165090
1111 1.165202
1112 1.164490
1113 1.164004
1114 1.163606
1115 1.163850
1116 1.163844
1117 1.163713
1118 1.164081
1119 1.163951
1120 1.163767
1121 1.163690
1122 1.164502
1123 1.164526
1124 1.163885
1125 1.163606
1126 1.163233
1127 1.163725
1128 1.162901
1129 1.161963
1130 1.162450
1131 1.162212
1132 1.163179
1133 1.162859
1134 1.162479
1135 1.160682
1136 1.160883
1137 1.160901
1138 1.161311
1139 1.160670
1140 1.161394
1141 1.161233
1142 1.161334
1143 1.161115
1144 1.161180
1145 1.160783
1146 1.160931
1147 1.160634
1148 1.160112
1149 1.160783
1150 1.161067
1151 1.161785
1152 1.161317
1153 1.161773
1154 1.161441
1155 1.161340
1156 1.161607
1157 1.162473
1158 1.163434
1159 1.164034
1160 1.164431
1161 1.163695
1162 1.164051
1163 1.163933
1164 1.164312
1165 1.163974
1166 1.164645
1167 1.163986
1168 1.164235
1169 1.164028
1170 1.164989
1171 1.164170
1172 1.163298
1173 1.163025
1174 1.163541
1175 1.165036
1176 1.164087
1177 1.163672
1178 1.163120
1179 1.164591
1180 1.164674
1181 1.164882
1182 1.164390
1183 1.163951
1184 1.164182
1185 1.164229
1186 1.164639
1187 1.164793
1188 1.165262
1189 1.165469
1190 1.165345
1191 1.164484
1192 1.164722
1193 1.163814
1194 1.164639
1195 1.165386
1196 1.164538
1197 1.164247
1198 1.164336
1199 1.164935
1200 1.165552
1201 1.165659
1202 1.166128
1203 1.165600
1204 1.167474
1205 1.167053
1206 1.166128
1207 1.165760
1208 1.165932
1209 1.166774
1210 1.166893
1211 1.166596
1212 1.165962
1213 1.165481
1214 1.165873
1215 1.166395
1216 1.167160
1217 1.166715
1218 1.166881
1219 1.166674
1220 1.166810
1221 1.167320
1222 1.167830
1223 1.168691
1224 1.169124
1225 1.168714
1226 1.169195
1227 1.168210
1228 1.167291
1229 1.166282
1230 1.166217
1231 1.166715
1232 1.167409
1233 1.167682
1234 1.168400
1235 1.167498
1236 1.167024
1237 1.167285
1238 1.166846
1239 1.166484
1240 1.165523
1241 1.165950
1242 1.166691
1243 1.167362
1244 1.166887
1245 1.167178
1246 1.167824
1247 1.167148
1248 1.166276
1249 1.166365
1250 1.166739
1251 1.166300
1252 1.166715
1253 1.165624
1254 1.165457
1255 1.163203
1256 1.162628
1257 1.163037
1258 1.162628
1259 1.163203
1260 1.162527
1261 1.162390
1262 1.162954
1263 1.163227
1264 1.163565
1265 1.163162
1266 1.162693
1267 1.162924
1268 1.164051
1269 1.162966
1270 1.162740
1271 1.163826
1272 1.163589
1273 1.163292
1274 1.163043
1275 1.163589
1276 1.164069
1277 1.164194
1278 1.165238
1279 1.166027
1280 1.165036
1281 1.163743
1282 1.163820
1283 1.163310
1284 1.163529
1285 1.164443
1286 1.164407
1287 1.163690
1288 1.163233
1289 1.162776
1290 1.162586
1291 1.162450
1292 1.162539
1293 1.163132
1294 1.162337
1295 1.162776
1296 1.163707
1297 1.163606
1298 1.163268
1299 1.163179
1300 1.162444
1301 1.164152
1302 1.164728
1303 1.164514
1304 1.164075
1305 1.164265
1306 1.165457
1307 1.166193
1308 1.166608
1309 1.167457
1310 1.167219
1311 1.165855
1312 1.165185
1313 1.165624
1314 1.165226
1315 1.163998
1316 1.162948
1317 1.163583
1318 1.162883
1319 1.161750
1320 1.162966
1321 1.162948
1322 1.164170
1323 1.164016
1324 1.163939
1325 1.163393
1326 1.164034
1327 1.164223
1328 1.165179
1329 1.164840
1330 1.165825
1331 1.164906
1332 1.164544
1333 1.163553
1334 1.163476
1335 1.162604
1336 1.162040
1337 1.162141
1338 1.161833
1339 1.161589
1340 1.162248
1341 1.162414
1342 1.162835
1343 1.161945
1344 1.162242
1345 1.162990
1346 1.164479
1347 1.164081
1348 1.163405
1349 1.163405
1350 1.163779
1351 1.163642
1352 1.164307
1353 1.164621
1354 1.163701
1355 1.163274
1356 1.163998
1357 1.164716
1358 1.164686
1359 1.165339
1360 1.166122
1361 1.165689
1362 1.165374
1363 1.165677
1364 1.164573
1365 1.164069
1366 1.163031
1367 1.163007
1368 1.163434
1369 1.164651
1370 1.164496
1371 1.165303
1372 1.165327
1373 1.164158
1374 1.163138
1375 1.163316
1376 1.162841
1377 1.162699
1378 1.162972
1379 1.162954
1380 1.162384
1381 1.162580
1382 1.162402
1383 1.162728
1384 1.162052
1385 1.162978
1386 1.162005
1387 1.160937
1388 1.160646
1389 1.160949
1390 1.162562
1391 1.162841
1392 1.162562
1393 1.163488
1394 1.163719
1395 1.163458
1396 1.164793
1397 1.165612
1398 1.165784
1399 1.165428
1400 1.165677
1401 1.166241
1402 1.165754
1403 1.165813
1404 1.166235
1405 1.167457
1406 1.167308
1407 1.166187
1408 1.166531
1409 1.166893
1410 1.166579
1411 1.167006
1412 1.165873
1413 1.165742
1414 1.164562
1415 1.164538
1416 1.165185
1417 1.166685
1418 1.165481
1419 1.165659
1420 1.166614
1421 1.167231
1422 1.167397
1423 1.167457
1424 1.167670
1425 1.168406
1426 1.167842
1427 1.168080
1428 1.167890
1429 1.169290
1430 1.170061
1431 1.169474
1432 1.169616
1433 1.169640
1434 1.170464
1435 1.169942
1436 1.170310
1437 1.169794
1438 1.169432
1439 1.169319
1440 1.170233
1441 1.170067
1442 1.169047
1443 1.168969
1444 1.168080
1445 1.168038
1446 1.167397
1447 1.167083
1448 1.166264
1449 1.166241
1450 1.166786
1451 1.166875
1452 1.167113
1453 1.168347
1454 1.169053
1455 1.168513
1456 1.167279
1457 1.168335
1458 1.167836
1459 1.166852
1460 1.166341
1461 1.166341
1462 1.165279
1463 1.165683
1464 1.165321
1465 1.165629
1466 1.166080
1467 1.166763
1468 1.166211
1469 1.166217
1470 1.166715
1471 1.166769
1472 1.167611
1473 1.167641
1474 1.168269
1475 1.167374
1476 1.167913
1477 1.167884
1478 1.167148
1479 1.167611
1480 1.167000
1481 1.167368
1482 1.167302
1483 1.166015
1484 1.164793
1485 1.164805
1486 1.164775
1487 1.164763
1488 1.164265
1489 1.164170
1490 1.164342
1491 1.164562
1492 1.164947
1493 1.165368
1494 1.165487
1495 1.164805
1496 1.164348
1497 1.164182
1498 1.164390
1499 1.164829
1500 1.166063
1501 1.165985
1502 1.165428
1503 1.166365
1504 1.166751
1505 1.168157
1506 1.167213
1507 1.166519
1508 1.166970
1509 1.166513
1510 1.166359
1511 1.167119
1512 1.166632
1513 1.166881
1514 1.166709
1515 1.166988
1516 1.165659
1517 1.164941
1518 1.164751
1519 1.164983
1520 1.165861
1521 1.166549
1522 1.167896
1523 1.168258
1524 1.167587
1525 1.167872
1526 1.167973
1527 1.168198
1528 1.167807
1529 1.167492
1530 1.166828
1531 1.166952
1532 1.167765
1533 1.167777
1534 1.167166
1535 1.167528
1536 1.167202
1537 1.167492
1538 1.167332
1539 1.166786
1540 1.167747
1541 1.168263
1542 1.167160
1543 1.166946
1544 1.167908
1545 1.167006
1546 1.166478
1547 1.167208
1548 1.166288
1549 1.165226
1550 1.165274
1551 1.166128
1552 1.167587
1553 1.166798
1554 1.167130
1555 1.166893
1556 1.166454
1557 1.166401
1558 1.166229
1559 1.166674
1560 1.167326
1561 1.166134
1562 1.166080
1563 1.166567
1564 1.165968
1565 1.166780
1566 1.166353
1567 1.166774
1568 1.166905
1569 1.166181
1570 1.166258
1571 1.166816
1572 1.165790
1573 1.165190
1574 1.164496
1575 1.163090
1576 1.162574
1577 1.163031
1578 1.163962
1579 1.164977
1580 1.164384
1581 1.163547
1582 1.163512
1583 1.163862
1584 1.163612
1585 1.163808
1586 1.164390
1587 1.163553
1588 1.164229
1589 1.164413
1590 1.165066
1591 1.164289
1592 1.164075
1593 1.163251
1594 1.163464
1595 1.163144
1596 1.163251
1597 1.162699
1598 1.162889
1599 1.162687
1600 1.161922
1601 1.161631
1602 1.161192
1603 1.161109
1604 1.161607
1605 1.160818
1606 1.160563
1607 1.161441
1608 1.161667
1609 1.161239
1610 1.161750
1611 1.161702
1612 1.161536
1613 1.161969
1614 1.161376
1615 1.161672
1616 1.161951
1617 1.162705
1618 1.162723
1619 1.163156
1620 1.164235
1621 1.163844
1622 1.164645
1623 1.164200
1624 1.165481
1625 1.164805
1626 1.165232
1627 1.164568
1628 1.164247
1629 1.164318
1630 1.164983
1631 1.164069
1632 1.164146
1633 1.163684
1634 1.163512
1635 1.162539
1636 1.162693
1637 1.162426
1638 1.162070
1639 1.163268
1640 1.163375
1641 1.164111
1642 1.164348
1643 1.163980
1644 1.164401
1645 1.164591
1646 1.164692
1647 1.164164
1648 1.164134
1649 1.163393
1650 1.163737
1651 1.164117
1652 1.164840
1653 1.164906
1654 1.163553
1655 1.164479
1656 1.164283
1657 1.164283
1658 1.163601
1659 1.164829
1660 1.164111
1661 1.164532
1662 1.164111
1663 1.163862
1664 1.164698
1665 1.164176
1666 1.163945
1667 1.162165
1668 1.162918
1669 1.162628
1670 1.162313
1671 1.162189
1672 1.162568
1673 1.164140
1674 1.165339
1675 1.164467
1676 1.165220
1677 1.165137
1678 1.165274
1679 1.165345
1680 1.166051
1681 1.165446
1682 1.165428
1683 1.164609
1684 1.164265
1685 1.164223
1686 1.164615
1687 1.166418
1688 1.165849
1689 1.165001
1690 1.165155
1691 1.166591
1692 1.167712
1693 1.167421
1694 1.167397
1695 1.167071
1696 1.167030
1697 1.166958
1698 1.165677
1699 1.165440
1700 1.165784
1701 1.165724
1702 1.165790
1703 1.165339
1704 1.165036
1705 1.164633
1706 1.166187
1707 1.166923
1708 1.167225
1709 1.166946
1710 1.166970
1711 1.166662
1712 1.166276
1713 1.166098
1714 1.165671
1715 1.164597
1716 1.163595
1717 1.163624
1718 1.163007
1719 1.162835
1720 1.163707
1721 1.164129
1722 1.163179
1723 1.162331
1724 1.162794
1725 1.163482
1726 1.164870
1727 1.165451
1728 1.165950
1729 1.165873
1730 1.164888
1731 1.164769
1732 1.165072
1733 1.165345
1734 1.165796
1735 1.165570
1736 1.165434
1737 1.164111
1738 1.164129
1739 1.163921
1740 1.163559
1741 1.162568
1742 1.162580
1743 1.162853
1744 1.163221
1745 1.163173
1746 1.164081
1747 1.165665
1748 1.165641
1749 1.164965
1750 1.164354
1751 1.164496
1752 1.164746
1753 1.164532
1754 1.163897
1755 1.163891
1756 1.163725
1757 1.162343
1758 1.162776
1759 1.162776
1760 1.163114
1761 1.162284
1762 1.162556
1763 1.162990
1764 1.162865
1765 1.162266
1766 1.162586
1767 1.162794
1768 1.162734
1769 1.162859
1770 1.162574
1771 1.162883
1772 1.163850
1773 1.164170
1774 1.164010
1775 1.165386
1776 1.164668
1777 1.165730
1778 1.165208
1779 1.165671
1780 1.165600
1781 1.166116
1782 1.165950
1783 1.165991
1784 1.164829
1785 1.165244
1786 1.164129
1787 1.165274
1788 1.165113
1789 1.163784
1790 1.162746
1791 1.162806
1792 1.163120
1793 1.163179
1794 1.163814
1795 1.163624
1796 1.162782
1797 1.163434
1798 1.163215
1799 1.163897
1800 1.163962
1801 1.164573
1802 1.164829
1803 1.165386
1804 1.164888
1805 1.165440
1806 1.165001
1807 1.165718
1808 1.165831
1809 1.166045
1810 1.165256
1811 1.165262
1812 1.165297
1813 1.164550
1814 1.164253
1815 1.163856
1816 1.164413
1817 1.164621
1818 1.163939
1819 1.163067
1820 1.163043
1821 1.163773
1822 1.165802
1823 1.165582
1824 1.165962
1825 1.165956
1826 1.164823
1827 1.164514
1828 1.164740
1829 1.164627
1830 1.164295
1831 1.164568
1832 1.163221
1833 1.162426
1834 1.162936
1835 1.161999
1836 1.162752
1837 1.163749
1838 1.163903
1839 1.163126
1840 1.162687
1841 1.162705
1842 1.163108
1843 1.162687
1844 1.163096
1845 1.163517
1846 1.163470
1847 1.162794
1848 1.163019
1849 1.163856
1850 1.163583
1851 1.163868
1852 1.164283
1853 1.163381
1854 1.164484
1855 1.164811
1856 1.163927
1857 1.163974
1858 1.164028
1859 1.164212
1860 1.163654
1861 1.164722
1862 1.163844
1863 1.162497
1864 1.162373
1865 1.162319
1866 1.162147
1867 1.161957
1868 1.161625
1869 1.161963
1870 1.162123
1871 1.162230
1872 1.161394
1873 1.162325
1874 1.162129
1875 1.161987
1876 1.161750
1877 1.161382
1878 1.162094
1879 1.162764
1880 1.163968
1881 1.162681
1882 1.162812
1883 1.163055
1884 1.163690
1885 1.164022
1886 1.164573
1887 1.164793
1888 1.164176
1889 1.164532
1890 1.164900
1891 1.164793
1892 1.164425
1893 1.164710
1894 1.163962
1895 1.163577
1896 1.162901
1897 1.162390
1898 1.162574
1899 1.162752
1900 1.163529
1901 1.163547
1902 1.164407
1903 1.164455
1904 1.164550
1905 1.164437
1906 1.164271
1907 1.165612
1908 1.166217
1909 1.166235
1910 1.166318
1911 1.165446
1912 1.166116
1913 1.165297
1914 1.165357
1915 1.165784
1916 1.165463
1917 1.165576
1918 1.165920
1919 1.166039
1920 1.166246
1921 1.168175
1922 1.168667
1923 1.169652
1924 1.169112
1925 1.167486
1926 1.167148
1927 1.166602
1928 1.166935
1929 1.165807
1930 1.165790
1931 1.165647
1932 1.165629
1933 1.165446
1934 1.166543
1935 1.166644
1936 1.168441
1937 1.169385
1938 1.169408
1939 1.170868
1940 1.171164
1941 1.170963
1942 1.170304
1943 1.169948
1944 1.169153
1945 1.169029
1946 1.169717
1947 1.169124
1948 1.168044
1949 1.168133
1950 1.167759
1951 1.167546
1952 1.167457
1953 1.167801
1954 1.166306
1955 1.166074
1956 1.165618
1957 1.165523
1958 1.165997
1959 1.164591
1960 1.165131
1961 1.164846
1962 1.166335
1963 1.166739
1964 1.166840
1965 1.166662
1966 1.166573
1967 1.166187
1968 1.166288
1969 1.165594
1970 1.166757
1971 1.166537
1972 1.165351
1973 1.165149
1974 1.165659
1975 1.165054
1976 1.164941
1977 1.163820
1978 1.162728
1979 1.161945
1980 1.162337
1981 1.162990
1982 1.162610
1983 1.162847
1984 1.162574
1985 1.161957
1986 1.161601
1987 1.162028
1988 1.161939
1989 1.161613
1990 1.159964
1991 1.160628
1992 1.160931
1993 1.161435
1994 1.160878
1995 1.160794
1996 1.161044
1997 1.161904
1998 1.162034
1999 1.162183
2000 1.162693
2001 1.163245
2002 1.162610
2003 1.162705
2004 1.162995
2005 1.163595
2006 1.163405
2007 1.164401
2008 1.163968
2009 1.164366
2010 1.164051
2011 1.164740
2012 1.164639
2013 1.164799
2014 1.165030
2015 1.164324
2016 1.164241
2017 1.164716
2018 1.163873
2019 1.162788
2020 1.162776
2021 1.162135
2022 1.162034
2023 1.161827
2024 1.162331
2025 1.162782
2026 1.163868
2027 1.164010
2028 1.164235
2029 1.165084
2030 1.165434
2031 1.166009
2032 1.166780
2033 1.166893
2034 1.165285
2035 1.164941
2036 1.164888
2037 1.165167
2038 1.165493
2039 1.165944
2040 1.166324
2041 1.165754
2042 1.165748
2043 1.164710
2044 1.164657
2045 1.164716
2046 1.165185
2047 1.165024
2048 1.165896
2049 1.165505
2050 1.165220
2051 1.165914
2052 1.165902
2053 1.165707
2054 1.165730
2055 1.165600
2056 1.166549
2057 1.166270
2058 1.165825
2059 1.167000
2060 1.167030
2061 1.165606
2062 1.165736
2063 1.166264
2064 1.165985
2065 1.165920
2066 1.166751
2067 1.166377
2068 1.166365
2069 1.165695
2070 1.165665
2071 1.165232
2072 1.166039
2073 1.166715
2074 1.166899
2075 1.166614
2076 1.166110
2077 1.165606
2078 1.164953
2079 1.165926
2080 1.166424
2081 1.165457
2082 1.164674
2083 1.163458
2084 1.163695
2085 1.163191
2086 1.163707
2087 1.163856
2088 1.163666
2089 1.164081
2090 1.164858
2091 1.165179
2092 1.165143
2093 1.164918
2094 1.165297
2095 1.166413
2096 1.165890
2097 1.166027
2098 1.165796
2099 1.165956
2100 1.165849
2101 1.165523
2102 1.165469
2103 1.164674
2104 1.164372
2105 1.163423
2106 1.162906
2107 1.163078
2108 1.161981
2109 1.161803
2110 1.162319
2111 1.162467
2112 1.162634
2113 1.162040
2114 1.162752
2115 1.162414
2116 1.162912
2117 1.163322
2118 1.163013
2119 1.161293
2120 1.160753
2121 1.160984
2122 1.161139
2123 1.161714
2124 1.161376
2125 1.162823
2126 1.163636
2127 1.162373
2128 1.163268
2129 1.162723
2130 1.162248
2131 1.162545
2132 1.162906
2133 1.163862
2134 1.163470
2135 1.162812
2136 1.162705
2137 1.162236
2138 1.162408
2139 1.161856
2140 1.161809
2141 1.161026
2142 1.161180
2143 1.162402
2144 1.161655
2145 1.162218
2146 1.162723
2147 1.162675
2148 1.162812
2149 1.163239
2150 1.163411
2151 1.162912
2152 1.163690
2153 1.163535
2154 1.163565
2155 1.164105
2156 1.164633
2157 1.164407
2158 1.164490
2159 1.164959
2160 1.165357
2161 1.165446
2162 1.164668
2163 1.164123
2164 1.165274
2165 1.164751
2166 1.165618
2167 1.165451
2168 1.164989
2169 1.165084
2170 1.164852
2171 1.163595
2172 1.164443
2173 1.164562
2174 1.164734
2175 1.164407
2176 1.164390
2177 1.165351
2178 1.164662
2179 1.165107
2180 1.163666
2181 1.163452
2182 1.163873
2183 1.163606
2184 1.162699
2185 1.163001
2186 1.162426
2187 1.161661
2188 1.162295
2189 1.162521
2190 1.162491
2191 1.162420
2192 1.163345
2193 1.162717
2194 1.163233
2195 1.162871
2196 1.163096
2197 1.163019
2198 1.162011
2199 1.161821
2200 1.161281
2201 1.161127
2202 1.161661
2203 1.161589
2204 1.160605
2205 1.161406
2206 1.161376
2207 1.160883
2208 1.161655
2209 1.161394
2210 1.162853
2211 1.162883
2212 1.163660
2213 1.164117
2214 1.163517
2215 1.164390
2216 1.164366
2217 1.164455
2218 1.164728
2219 1.164597
2220 1.164781
2221 1.165190
2222 1.165042
2223 1.165457
2224 1.165736
2225 1.166009
2226 1.165896
2227 1.165695
2228 1.166276
2229 1.165873
2230 1.165713
2231 1.164846
2232 1.164775
2233 1.165155
2234 1.164431
2235 1.164229
2236 1.163654
2237 1.162562
2238 1.162740
2239 1.162533
2240 1.162248
2241 1.161435
2242 1.161530
2243 1.160848
2244 1.161726
2245 1.162639
2246 1.162924
2247 1.163660
2248 1.163666
2249 1.164449
2250 1.165807
2251 1.165475
2252 1.166211
2253 1.166685
2254 1.166092
2255 1.164912
2256 1.165796
2257 1.166383
2258 1.164947
2259 1.165908
2260 1.165434
2261 1.166418
2262 1.165736
2263 1.166264
2264 1.166430
2265 1.165600
2266 1.165048
2267 1.165256
2268 1.165404
2269 1.164906
2270 1.164912
2271 1.165772
2272 1.165606
2273 1.164971
2274 1.165410
2275 1.164384
2276 1.164953
2277 1.165208
2278 1.165179
2279 1.164479
2280 1.164348
2281 1.164751
2282 1.165208
2283 1.165196
2284 1.165540
2285 1.165398
2286 1.165434
2287 1.166525
2288 1.166140
2289 1.165689
2290 1.165558
2291 1.165167
2292 1.165487
2293 1.165671
2294 1.165807
2295 1.166241
2296 1.166828
2297 1.167113
2298 1.168370
2299 1.168133
2300 1.168566
2301 1.168590
2302 1.168258
2303 1.167890
2304 1.168145
2305 1.168548
2306 1.168216
2307 1.168880
2308 1.170174
2309 1.170476
2310 1.169272
2311 1.168341
2312 1.168661
2313 1.169118
2314 1.167842
2315 1.167000
2316 1.166964
2317 1.167302
2318 1.168002
2319 1.168875
2320 1.168495
2321 1.168614
2322 1.168352
2323 1.167700
2324 1.167267
2325 1.167119
2326 1.167486
2327 1.167783
2328 1.168501
2329 1.170091
2330 1.170387
2331 1.169936
2332 1.169788
2333 1.169806
2334 1.169640
2335 1.170257
2336 1.169053
2337 1.169053
2338 1.167107
2339 1.167249
2340 1.168287
2341 1.168501
2342 1.168394
2343 1.167427
2344 1.166745
2345 1.166982
2346 1.166935
2347 1.166899
2348 1.165535
2349 1.165742
2350 1.164146
2351 1.164496
2352 1.163986
2353 1.163606
2354 1.164829
2355 1.165825
2356 1.166478
2357 1.166318
2358 1.165796
2359 1.166359
2360 1.165671
2361 1.165558
2362 1.165054
2363 1.164888
2364 1.165363
2365 1.164912
2366 1.164846
2367 1.164698
2368 1.165107
2369 1.164603
2370 1.164526
2371 1.165772
2372 1.166733
2373 1.165440
2374 1.165351
2375 1.165208
2376 1.165107
2377 1.165368
2378 1.164864
2379 1.164028
2380 1.163868
2381 1.163624
2382 1.164069
2383 1.164158
2384 1.164579
2385 1.164817
2386 1.164763
2387 1.165499
2388 1.165096
2389 1.165107
2390 1.165979
2391 1.165843
2392 1.165742
2393 1.165190
2394 1.165434
2395 1.165807
2396 1.165463
2397 1.164805
2398 1.165896
2399 1.165143
2400 1.164906
2401 1.165161
2402 1.164514
2403 1.164781
2404 1.165582
2405 1.165487
2406 1.165707
2407 1.165054
2408 1.165327
2409 1.165742
2410 1.166252
2411 1.165695
2412 1.165226
2413 1.165279
2414 1.164870
2415 1.164835
2416 1.165066
2417 1.165012
2418 1.165754
2419 1.165511
2420 1.166157
2421 1.167012
2422 1.167059
2423 1.167279
2424 1.167528
2425 1.168002
2426 1.167771
2427 1.167427
2428 1.167866
2429 1.168869
2430 1.169486
2431 1.169622
2432 1.170168
2433 1.170364
2434 1.170702
2435 1.170037
2436 1.169747
2437 1.168679
2438 1.169278
2439 1.168987
2440 1.169901
2441 1.170791
2442 1.170648
2443 1.171259
2444 1.170725
2445 1.169747
2446 1.168803
2447 1.168863
2448 1.169640
2449 1.169468
2450 1.169800
2451 1.169669
2452 1.169391
2453 1.169480
2454 1.168916
2455 1.169272
2456 1.169302
2457 1.168495
2458 1.169047
2459 1.169153
2460 1.168269
2461 1.167563
2462 1.167374
2463 1.167385
2464 1.166555
2465 1.166401
2466 1.166763
2467 1.167279
2468 1.167451
2469 1.166383
2470 1.166490
2471 1.165250
2472 1.164680
2473 1.164129
2474 1.164129
2475 1.163417
2476 1.163209
2477 1.163986
2478 1.164105
2479 1.163227
2480 1.163102
2481 1.163245
2482 1.162408
2483 1.162853
2484 1.162717
2485 1.162912
2486 1.163274
2487 1.162005
2488 1.161370
2489 1.161667
2490 1.161595
2491 1.161607
2492 1.161002
2493 1.161483
2494 1.162028
2495 1.162159
2496 1.161987
2497 1.161589
2498 1.162414
2499 1.163292
2500 1.162794
2501 1.162545
2502 1.162183
2503 1.162687
2504 1.162456
2505 1.163512
2506 1.163494
2507 1.163571
2508 1.163903
2509 1.162586
2510 1.161892
2511 1.162331
2512 1.162503
2513 1.161601
2514 1.160919
2515 1.161595
2516 1.162479
2517 1.162473
2518 1.161702
2519 1.162028
2520 1.163274
2521 1.162966
2522 1.162331
2523 1.163227
2524 1.162224
2525 1.160949
2526 1.161382
2527 1.162260
2528 1.162266
2529 1.163256
2530 1.162070
2531 1.162746
2532 1.162764
2533 1.164194
2534 1.163150
2535 1.163417
2536 1.162906
2537 1.162503
2538 1.162509
2539 1.162622
2540 1.162456
2541 1.162699
2542 1.164129
2543 1.164010
2544 1.163974
2545 1.163340
2546 1.163357
2547 1.162645
2548 1.162189
2549 1.162580
2550 1.163019
2551 1.163019
2552 1.163713
2553 1.164781
2554 1.165090
2555 1.164882
2556 1.165262
2557 1.165078
2558 1.164740
2559 1.165879
2560 1.165149
2561 1.165493
2562 1.164229
2563 1.164218
2564 1.164965
2565 1.164941
2566 1.164775
2567 1.163885
2568 1.163945
2569 1.164935
2570 1.164360
2571 1.163642
2572 1.163873
2573 1.162622
2574 1.163328
2575 1.163808
2576 1.165113
2577 1.165374
2578 1.165380
2579 1.165451
2580 1.165232
2581 1.164769
2582 1.164579
2583 1.164935
2584 1.165505
2585 1.164051
2586 1.164751
2587 1.164016
2588 1.163541
2589 1.163375
2590 1.163191
2591 1.163796
2592 1.164152
2593 1.164111
2594 1.164140
2595 1.164425
2596 1.165161
2597 1.164823
2598 1.163956
2599 1.164508
2600 1.164704
2601 1.165321
2602 1.164597
2603 1.164484
2604 1.165517
2605 1.164591
2606 1.164959
2607 1.165926
2608 1.164704
2609 1.165766
2610 1.166300
2611 1.167931
2612 1.168139
2613 1.167498
2614 1.166923
2615 1.166270
2616 1.166537
2617 1.165096
2618 1.165392
2619 1.165078
2620 1.165807
2621 1.166063
2622 1.166021
2623 1.166602
2624 1.167196
2625 1.165914
2626 1.165629
2627 1.165208
2628 1.165351
2629 1.165546
2630 1.165315
2631 1.165576
2632 1.164093
2633 1.163429
2634 1.162717
2635 1.163310
2636 1.163351
2637 1.163553
2638 1.162841
2639 1.162503
2640 1.161963
2641 1.162491
2642 1.163245
2643 1.162948
2644 1.162906
2645 1.162378
2646 1.162117
2647 1.162426
2648 1.162450
2649 1.163256
2650 1.162806
2651 1.162568
2652 1.163369
2653 1.164206
2654 1.162426
2655 1.162645
2656 1.162995
2657 1.161910
2658 1.162123
2659 1.162331
2660 1.161708
2661 1.161512
2662 1.162171
2663 1.162639
2664 1.163648
2665 1.163832
2666 1.164900
2667 1.164401
2668 1.163517
2669 1.162396
2670 1.162622
2671 1.162586
2672 1.161862
2673 1.161394
2674 1.161204
2675 1.161340
2676 1.160634
2677 1.160990
2678 1.161091
2679 1.162420
2680 1.162966
2681 1.164283
2682 1.165096
2683 1.165831
2684 1.165558
2685 1.164473
2686 1.164354
2687 1.163856
2688 1.163844
2689 1.163482
2690 1.163601
2691 1.163873
2692 1.164568
2693 1.166199
2694 1.165416
2695 1.165440
2696 1.165689
2697 1.166045
2698 1.164989
2699 1.163945
2700 1.163868
2701 1.164229
2702 1.164591
2703 1.165802
2704 1.165920
2705 1.166288
2706 1.166205
2707 1.166513
2708 1.167427
2709 1.167166
2710 1.166822
2711 1.167617
2712 1.166935
2713 1.167213
2714 1.166407
2715 1.167813
2716 1.168163
2717 1.168649
2718 1.167884
2719 1.167700
2720 1.168424
2721 1.169023
2722 1.167848
2723 1.167421
2724 1.166822
2725 1.167024
2726 1.166887
2727 1.166941
2728 1.167196
2729 1.166490
2730 1.166929
2731 1.167130
2732 1.166324
2733 1.166537
2734 1.165481
2735 1.165232
2736 1.165196
2737 1.165149
2738 1.165351
2739 1.165517
2740 1.165291
2741 1.163701
2742 1.164734
2743 1.165321
2744 1.164746
2745 1.164781
2746 1.164152
2747 1.164461
2748 1.164473
2749 1.164805
2750 1.164461
2751 1.163233
2752 1.163345
2753 1.164271
2754 1.163767
2755 1.163156
2756 1.163666
2757 1.163156
2758 1.163179
2759 1.162521
2760 1.162687
2761 1.163245
2762 1.163375
2763 1.164146
2764 1.163500
2765 1.164188
2766 1.164063
2767 1.163885
2768 1.164526
2769 1.164864
2770 1.164959
2771 1.164218
2772 1.164461
2773 1.164645
2774 1.163968
2775 1.163559
2776 1.163067
2777 1.163245
2778 1.163120
2779 1.163927
2780 1.164152
2781 1.163387
2782 1.164490
2783 1.164769
2784 1.164579
2785 1.164835
2786 1.164645
2787 1.164597
2788 1.163998
2789 1.164775
2790 1.163767
2791 1.162610
2792 1.162758
2793 1.162373
2794 1.162076
2795 1.162705
2796 1.163583
2797 1.162930
2798 1.161963
2799 1.160640
2800 1.160539
2801 1.160836
2802 1.160611
2803 1.160943
2804 1.160261
2805 1.159003
2806 1.158683
2807 1.158677
2808 1.158635
2809 1.157110
2810 1.157348
2811 1.157567
2812 1.156369
2813 1.156683
2814 1.155876
2815 1.156179
2816 1.156505
2817 1.157763
2818 1.157787
2819 1.158232
2820 1.159347
2821 1.159590
2822 1.159074
2823 1.160545
2824 1.161228
2825 1.161922
2826 1.160955
2827 1.161981
2828 1.160516
2829 1.161595
2830 1.162438
2831 1.162200
2832 1.163369
2833 1.162835
2834 1.162384
2835 1.162106
2836 1.162141
2837 1.162361
2838 1.162165
2839 1.161862
2840 1.161945
2841 1.162005
2842 1.162444
2843 1.162141
2844 1.162556
2845 1.162070
2846 1.162313
2847 1.163565
2848 1.164069
2849 1.163731
2850 1.163731
2851 1.164111
2852 1.164657
2853 1.164229
2854 1.164247
2855 1.164870
2856 1.164550
2857 1.164425
2858 1.164324
2859 1.163986
2860 1.164591
2861 1.164081
2862 1.164087
2863 1.164591
2864 1.163084
2865 1.163280
2866 1.163571
2867 1.163173
2868 1.162675
2869 1.162877
2870 1.163701
2871 1.163381
2872 1.163808
2873 1.163559
2874 1.164040
2875 1.164823
2876 1.165024
2877 1.165096
2878 1.165368
2879 1.165736
2880 1.165505
2881 1.165368
2882 1.165404
2883 1.165368
2884 1.165078
2885 1.164449
2886 1.164947
2887 1.163939
2888 1.164763
2889 1.164277
2890 1.163672
2891 1.163162
2892 1.162396
2893 1.162224
2894 1.162177
2895 1.161738
2896 1.162319
2897 1.162705
2898 1.162628
2899 1.162123
2900 1.162028
2901 1.161910
2902 1.161738
2903 1.162260
2904 1.163535
2905 1.164164
2906 1.164378
2907 1.163470
2908 1.164093
2909 1.163850
2910 1.163322
2911 1.163517
2912 1.163417
2913 1.163945
2914 1.164010
2915 1.163856
2916 1.163642
2917 1.164093
2918 1.162485
2919 1.162450
2920 1.162734
2921 1.162568
2922 1.162195
2923 1.161429
2924 1.161524
2925 1.162200
2926 1.162076
2927 1.162224
2928 1.161032
2929 1.161180
2930 1.160640
2931 1.160017
2932 1.160842
2933 1.159780
2934 1.160533
2935 1.161032
2936 1.161595
2937 1.162414
2938 1.162408
2939 1.163304
2940 1.163666
2941 1.163790
2942 1.164591
2943 1.165054
2944 1.165802
2945 1.165754
2946 1.165368
2947 1.165066
2948 1.165683
2949 1.166383
2950 1.166407
2951 1.166015
2952 1.166169
2953 1.165202
2954 1.164941
2955 1.164811
2956 1.165659
2957 1.165796
2958 1.166252
2959 1.165552
2960 1.166840
2961 1.165315
2962 1.165677
2963 1.164508
2964 1.164010
2965 1.164639
2966 1.165101
2967 1.165416
2968 1.165392
2969 1.165724
2970 1.163808
2971 1.162396
2972 1.162503
2973 1.162984
2974 1.163434
2975 1.164075
2976 1.163826
2977 1.163737
2978 1.163773
2979 1.162622
2980 1.161928
2981 1.161518
2982 1.162420
2983 1.163595
2984 1.164461
2985 1.164045
2986 1.162746
2987 1.162936
2988 1.162141
2989 1.161447
2990 1.161637
2991 1.161233
2992 1.161969
2993 1.162106
2994 1.162657
2995 1.163156
2996 1.162954
2997 1.163227
2998 1.163120
2999 1.163345
3000 1.163429
