1 1.138556
2 1.118079
3 1.106805
4 1.099437
5 1.094513
6 1.090095
7 1.086345
8 1.082273
9 1.078151
10 1.073915
11 1.069589
12 1.065589
13 1.062254
14 1.057817
15 1.053728
16 1.050067
17 1.047003
18 1.044087
19 1.041429
20 1.039023
21 1.036517
22 1.033930
23 1.031944
24 1.030722
25 1.028854
26 1.027832
27 1.026543
28 1.025300
29 1.024419
30 1.022848
31 1.022277
32 1.021156
33 1.020663
34 1.020203
35 1.019742
36 1.019882
37 1.019671
38 1.019597
39 1.019071
40 1.018921
41 1.018575
42 1.018368
43 1.018288
44 1.018959
45 1.019586
46 1.019683
47 1.019998
48 1.019987
49 1.020203
50 1.021164
51 1.022174
52 1.022685
53 1.023572
54 1.024493
55 1.025293
56 1.025967
57 1.026977
58 1.028389
59 1.029089
60 1.029827
61 1.031251
62 1.032794
63 1.034222
64 1.035342
65 1.036847
66 1.037834
67 1.039184
68 1.040485
69 1.041638
70 1.043249
71 1.045363
72 1.046529
73 1.048296
74 1.049775
75 1.051854
76 1.053078
77 1.054564
78 1.056315
79 1.058322
80 1.060107
81 1.062100
82 1.063227
83 1.065589
84 1.067076
85 1.067627
86 1.069141
87 1.070292
88 1.071523
89 1.073158
90 1.074523
91 1.076673
92 1.078108
93 1.079772
94 1.080441
95 1.081367
96 1.081922
97 1.083863
98 1.084990
99 1.086896
100 1.087826
101 1.089629
102 1.090289
103 1.090913
104 1.093075
105 1.094399
106 1.095932
107 1.097503
108 1.098991
109 1.099890
110 1.101449
111 1.103336
112 1.104712
113 1.106371
114 1.107740
115 1.108193
116 1.109302
117 1.110704
118 1.112194
119 1.113620
120 1.114525
121 1.115683
122 1.116864
123 1.117500
124 1.118222
125 1.119593
126 1.119650
127 1.121069
128 1.122365
129 1.123364
130 1.124496
131 1.125063
132 1.126399
133 1.127825
134 1.128684
135 1.129612
136 1.130374
137 1.131031
138 1.131335
139 1.132218
140 1.132597
141 1.133226
142 1.134529
143 1.135087
144 1.136043
145 1.137049
146 1.138126
147 1.139353
148 1.139448
149 1.139880
150 1.140435
151 1.140938
152 1.141745
153 1.142255
154 1.142554
155 1.143646
156 1.143978
157 1.144678
158 1.145210
159 1.146278
160 1.146567
161 1.147331
162 1.147243
163 1.147474
164 1.147744
165 1.148100
166 1.148926
167 1.149877
168 1.150093
169 1.150791
170 1.151643
171 1.152091
172 1.152754
173 1.153380
174 1.154137
175 1.154583
176 1.155725
177 1.156408
178 1.157165
179 1.157597
180 1.157642
181 1.158088
182 1.158855
183 1.159189
184 1.159771
185 1.160143
186 1.160703
187 1.162170
188 1.162443
189 1.162749
190 1.162965
191 1.163074
192 1.163634
193 1.164153
194 1.164165
195 1.164602
196 1.164861
197 1.164856
198 1.165537
199 1.165525
200 1.165475
201 1.166168
202 1.165872
203 1.166555
204 1.166647
205 1.167115
206 1.167889
207 1.168207
208 1.168449
209 1.168430
210 1.168987
211 1.169239
212 1.169521
213 1.169637
214 1.169607
215 1.170463
216 1.170803
217 1.171132
218 1.171218
219 1.172215
220 1.172321
221 1.171688
222 1.171617
223 1.172070
224 1.172136
225 1.173187
226 1.173686
227 1.174054
228 1.175112
229 1.175615
230 1.175501
231 1.175696
232 1.174962
233 1.175807
234 1.175461
235 1.175608
236 1.176097
237 1.176647
238 1.176842
239 1.176571
240 1.177257
241 1.177585
242 1.177385
243 1.177986
244 1.178892
245 1.178992
246 1.179564
247 1.179754
248 1.180247
249 1.180124
250 1.179993
251 1.179884
252 1.179851
253 1.180584
254 1.180696
255 1.180231
256 1.180233
257 1.180753
258 1.180665
259 1.180900
260 1.181270
261 1.181412
262 1.182205
263 1.182224
264 1.182395
265 1.182459
266 1.182798
267 1.182525
268 1.182252
269 1.182397
270 1.182390
271 1.181818
272 1.181775
273 1.181968
274 1.182141
275 1.182067
276 1.182124
277 1.182589
278 1.182611
279 1.183408
280 1.183446
281 1.183802
282 1.183301
283 1.182782
284 1.182940
285 1.182838
286 1.182176
287 1.182172
288 1.182483
289 1.181642
290 1.182136
291 1.182122
292 1.182589
293 1.182860
294 1.183130
295 1.182971
296 1.182561
297 1.182487
298 1.182596
299 1.182091
300 1.183088
301 1.183318
302 1.183099
303 1.183099
304 1.182914
305 1.183398
306 1.183275
307 1.183315
308 1.183641
309 1.183802
310 1.184419
311 1.184623
312 1.184317
313 1.184782
314 1.184813
315 1.184903
316 1.184844
317 1.184763
318 1.184155
319 1.185017
320 1.185565
321 1.186040
322 1.185987
323 1.186263
324 1.186820
325 1.186564
326 1.186597
327 1.186483
328 1.186785
329 1.186718
330 1.187558
331 1.187444
332 1.187587
333 1.187834
334 1.187634
335 1.187855
336 1.188123
337 1.188147
338 1.188375
339 1.188315
340 1.188524
341 1.187736
342 1.187836
343 1.187822
344 1.187781
345 1.188268
346 1.188823
347 1.189295
348 1.188854
349 1.188989
350 1.189056
351 1.188868
352 1.188496
353 1.188434
354 1.188209
355 1.188406
356 1.188788
357 1.189345
358 1.189139
359 1.189238
360 1.189471
361 1.189841
362 1.189832
363 1.189630
364 1.189049
365 1.189440
366 1.190024
367 1.190299
368 1.191234
369 1.190726
370 1.190316
371 1.190173
372 1.190525
373 1.190560
374 1.190743
375 1.190845
376 1.190921
377 1.190356
378 1.190152
379 1.189801
380 1.190095
381 1.190610
382 1.190178
383 1.191215
384 1.191773
385 1.191585
386 1.191789
387 1.191460
388 1.191151
389 1.191661
390 1.191106
391 1.190833
392 1.190555
393 1.190465
394 1.190681
395 1.190755
396 1.190434
397 1.190349
398 1.190261
399 1.189986
400 1.190256
401 1.190147
402 1.190786
403 1.189941
404 1.190017
405 1.189682
406 1.189810
407 1.189670
408 1.189938
409 1.189689
410 1.190076
411 1.189680
412 1.190017
413 1.190297
414 1.190052
415 1.189938
416 1.190358
417 1.190501
418 1.190722
419 1.190878
420 1.190598
421 1.190005
422 1.189789
423 1.189976
424 1.189893
425 1.189976
426 1.189675
427 1.189815
428 1.189829
429 1.190292
430 1.190387
431 1.190067
432 1.189884
433 1.190024
434 1.189855
435 1.189841
436 1.189936
437 1.189995
438 1.188968
439 1.188849
440 1.188667
441 1.188102
442 1.188370
443 1.188031
444 1.188368
445 1.187827
446 1.188152
447 1.188114
448 1.188443
449 1.188479
450 1.188453
451 1.188303
452 1.188840
453 1.188783
454 1.189314
455 1.189155
456 1.189196
457 1.189348
458 1.189205
459 1.189004
460 1.189825
461 1.189765
462 1.189371
463 1.188527
464 1.188776
465 1.188377
466 1.188916
467 1.189179
468 1.188873
469 1.188555
470 1.188396
471 1.188322
472 1.188441
473 1.188522
474 1.188099
475 1.187556
476 1.187955
477 1.188021
478 1.187997
479 1.187993
480 1.187881
481 1.187755
482 1.189087
483 1.189096
484 1.189329
485 1.188932
486 1.189120
487 1.188920
488 1.188605
489 1.188795
490 1.188906
491 1.188823
492 1.188752
493 1.188375
494 1.188712
495 1.189006
496 1.189298
497 1.188702
498 1.189227
499 1.189020
500 1.188956
501 1.188828
502 1.188747
503 1.188565
504 1.188066
505 1.188441
506 1.188954
507 1.189303
508 1.189215
509 1.188752
510 1.189153
511 1.189637
512 1.189492
513 1.189499
514 1.189685
515 1.189701
516 1.189618
517 1.190328
518 1.190316
519 1.189905
520 1.190055
521 1.190287
522 1.190342
523 1.190888
524 1.190641
525 1.190821
526 1.190743
527 1.190176
528 1.189879
529 1.189924
530 1.189687
531 1.189941
532 1.190249
533 1.190126
534 1.190052
535 1.190226
536 1.189599
537 1.190097
538 1.190131
539 1.190147
540 1.190458
541 1.190406
542 1.189701
543 1.189514
544 1.189834
545 1.190026
546 1.189908
547 1.189518
548 1.189215
549 1.188415
550 1.188880
551 1.188878
552 1.188985
553 1.188719
554 1.189001
555 1.189172
556 1.189369
557 1.190019
558 1.190207
559 1.190617
560 1.190171
561 1.190024
562 1.189986
563 1.189637
564 1.189314
565 1.189687
566 1.190202
567 1.190686
568 1.190620
569 1.190461
570 1.190482
571 1.190138
572 1.189153
573 1.189407
574 1.189250
575 1.188956
576 1.189438
577 1.189483
578 1.189526
579 1.188868
580 1.189371
581 1.189471
582 1.189784
583 1.188785
584 1.189435
585 1.189976
586 1.190159
587 1.189924
588 1.190622
589 1.190902
590 1.191395
591 1.191085
592 1.190987
593 1.191244
594 1.190964
595 1.190273
596 1.190138
597 1.190881
598 1.191386
599 1.192001
600 1.192269
601 1.191811
602 1.191704
603 1.191222
604 1.191059
605 1.190956
606 1.191156
607 1.191346
608 1.190921
609 1.190627
610 1.190987
611 1.192017
612 1.191932
613 1.191825
614 1.192155
615 1.192050
616 1.192300
617 1.192096
618 1.191327
619 1.191336
620 1.191054
621 1.191108
622 1.190902
623 1.191365
624 1.191751
625 1.191500
626 1.192266
627 1.191645
628 1.192314
629 1.192345
630 1.192966
631 1.192620
632 1.192397
633 1.192387
634 1.192520
635 1.192198
636 1.192629
637 1.192164
638 1.191379
639 1.