1 1.163553
2 1.149695
3 1.141069
4 1.135581
5 1.131346
6 1.126558
7 1.121504
8 1.115980
9 1.111027
10 1.105088
11 1.098675
12 1.093378
13 1.088234
14 1.082070
15 1.077170
16 1.072323
17 1.067458
18 1.063258
19 1.059367
20 1.055107
21 1.050990
22 1.045746
23 1.042477
24 1.040056
25 1.036698
26 1.034070
27 1.031846
28 1.030018
29 1.028233
30 1.025569
31 1.022917
32 1.020307
33 1.019726
34 1.017602
35 1.015691
36 1.013740
37 1.011859
38 1.010524
39 1.009427
40 1.008881
41 1.007291
42 1.006704
43 1.006372
44 1.005238
45 1.005808
46 1.006401
47 1.005737
48 1.005701
49 1.006235
50 1.006573
51 1.006306
52 1.006496
53 1.007285
54 1.007356
55 1.007712
56 1.009029
57 1.008359
58 1.008863
59 1.008068
60 1.008745
61 1.009901
62 1.010940
63 1.011236
64 1.012013
65 1.013034
66 1.014416
67 1.014552
68 1.016332
69 1.017275
70 1.017673
71 1.018889
72 1.020052
73 1.020805
74 1.021191
75 1.022466
76 1.023605
77 1.024205
78 1.025189
79 1.027260
80 1.028980
81 1.030202
82 1.031786
83 1.032166
84 1.033240
85 1.034094
86 1.035583
87 1.037879
88 1.041498
89 1.042767
90 1.043675
91 1.044755
92 1.047235
93 1.048486
94 1.048943
95 1.048694
96 1.049275
97 1.050936
98 1.051714
99 1.052918
100 1.054336
101 1.055315
102 1.057290
103 1.059295
104 1.060339
105 1.061965
106 1.063549
107 1.064735
108 1.066064
109 1.066960
110 1.068188
111 1.069956
112 1.071030
113 1.072359
114 1.073652
115 1.074702
116 1.075325
117 1.076606
118 1.076108
119 1.076909
120 1.078262
121 1.078695
122 1.080148
123 1.081518
124 1.083067
125 1.084200
126 1.084769
127 1.085903
128 1.087516
129 1.088685
130 1.090085
131 1.091396
132 1.091972
133 1.092850
134 1.093977
135 1.094404
136 1.095869
137 1.097228
138 1.097898
139 1.099601
140 1.101084
141 1.102626
142 1.102632
143 1.103071
144 1.103688
145 1.105610
146 1.106631
147 1.106832
148 1.107467
149 1.108903
150 1.110149
151 1.111187
152 1.111679
153 1.111816
154 1.111952
155 1.113097
156 1.114266
157 1.115073
158 1.114942
159 1.115375
160 1.114313
161 1.114758
162 1.114468
163 1.114070
164 1.114551
165 1.115577
166 1.116491
167 1.117944
168 1.117968
169 1.118887
170 1.120483
171 1.120626
172 1.121444
173 1.122174
174 1.122726
175 1.123924
176 1.125544
177 1.125466
178 1.124482
179 1.124410
180 1.124149
181 1.123396
182 1.124209
183 1.125383
184 1.125941
185 1.126172
186 1.127074
187 1.127834
188 1.128249
189 1.127822
190 1.127650
191 1.128729
192 1.128860
193 1.130064
194 1.130960
195 1.130812
196 1.132473
197 1.133054
198 1.133748
199 1.134525
200 1.135362
201 1.135196
202 1.135617
203 1.135403
204 1.135481
205 1.136299
206 1.136115
207 1.138144
208 1.138144
209 1.138031
210 1.138085
211 1.138927
212 1.139206
213 1.139093
214 1.139479
215 1.140594
216 1.140826
217 1.140998
218 1.141484
219 1.141389
220 1.141751
221 1.141894
222 1.142303
223 1.143205
224 1.142214
225 1.142671
226 1.143970
227 1.144023
228 1.142926
229 1.143347
230 1.142991
231 1.142457
232 1.142623
233 1.143792
234 1.144136
235 1.145975
236 1.146088
237 1.146901
238 1.146818
239 1.147423
240 1.147126
241 1.147144
242 1.146746
243 1.146373
244 1.147838
245 1.147197
246 1.147310
247 1.147856
248 1.147239
249 1.147482
250 1.148366
251 1.147897
252 1.148123
253 1.147061
254 1.147565
255 1.147221
256 1.147690
257 1.147446
258 1.149268
259 1.150175
260 1.149529
261 1.149315
262 1.149541
263 1.149742
264 1.149535
265 1.148965
266 1.148971
267 1.147340
268 1.147986
269 1.148680
270 1.148508
271 1.149060
272 1.149143
273 1.150092
274 1.150947
275 1.150573
276 1.151083
277 1.150982
278 1.151848
279 1.151089
280 1.151504
281 1.150881
282 1.151297
283 1.151000
284 1.150478
285 1.151101
286 1.150525
287 1.151510
288 1.150057
289 1.150786
290 1.150780
291 1.151291
292 1.150804
293 1.151314
294 1.150436
295 1.151724
296 1.151397
297 1.152109
298 1.152732
299 1.153070
300 1.152685
301 1.153343
302 1.153670
303 1.154720
304 1.154714
305 1.153996
306 1.154423
307 1.154109
308 1.155354
309 1.154850
310 1.154043
311 1.154097
312 1.153266
313 1.152744
314 1.152726
315 1.153159
316 1.152910
317 1.152234
318 1.152762
319 1.153331
320 1.153498
321 1.154553
322 1.154577
323 1.153687
324 1.154820
325 1.154530
326 1.153462
327 1.154008
328 1.153711
329 1.154625
330 1.155609
331 1.155793
332 1.157188
333 1.156754
334 1.156446
335 1.156244
336 1.155687
337 1.156137
338 1.156855
339 1.157015
340 1.157021
341 1.156719
342 1.156487
343 1.155871
344 1.154791
345 1.155787
346 1.155147
347 1.154666
348 1.155022
349 1.154583
350 1.155651
351 1.155562
352 1.155058
353 1.154690
354 1.154381
355 1.154025
356 1.154097
357 1.154346
358 1.154868
359 1.154809
360 1.154992
361 1.154275
362 1.154221
363 1.155402
364 1.155182
365 1.155105
366 1.156155
367 1.155402
368 1.155758
369 1.155491
370 1.155983
371 1.156956
372 1.157039
373 1.157674
374 1.158540
375 1.159282
376 1.159181
377 1.159466
378 1.158860
379 1.158849
380 1.159199
381 1.159982
382 1.160789
383 1.160539
384 1.160747
385 1.160391
386 1.159691
387 1.160563
388 1.160694
389 1.160415
390 1.160528
391 1.161584
392 1.161394
393 1.160978
394 1.160581
395 1.161530
396 1.161210
397 1.161874
398 1.161518
399 1.160646
400 1.159952
401 1.159928
402 1.160261
403 1.159667
404 1.158332
405 1.158469
406 1.158724
407 1.159614
408 1.159133
409 1.158825
410 1.159916
411 1.159869
412 1.159762
413 1.160777
414 1.160035
415 1.159899
416 1.160403
417 1.160664
418 1.161245
419 1.161613
420 1.161317
421 1.161756
422 1.161506
423 1.161856
424 1.162402
425 1.162936
426 1.163227
427 1.163132
428 1.161833
429 1.161868
430 1.162645
431 1.162272
432 1.161957
433 1.160872
434 1.160759
435 1.160777
436 1.159620
437 1.158920
438 1.159068
439 1.159697
440 1.160492
441 1.160379
442 1.159033
443 1.158944
444 1.159027
445 1.158932
446 1.159596
447 1.159869
448 1.160854
449 1.160753
450 1.160314
451 1.160664
452 1.160504
453 1.160990
454 1.161239
455 1.161150
456 1.159833
457 1.160148
458 1.160723
459 1.161002
460 1.160391
461 1.160213
462 1.159145
463 1.159774
464 1.159750
465 1.159299
466 1.159127
467 1.159335
468 1.160355
469 1.160711
470 1.160676
471 1.160711
472 1.161097
473 1.160617
474 1.161269
475 1.161239
476 1.161726
477 1.162189
478 1.162841
479 1.164134
480 1.162877
481 1.162527
482 1.162462
483 1.162657
484 1.162622
485 1.162473
486 1.162438
487 1.163417
488 1.163476
489 1.163986
490 1.163630
491 1.163067
492 1.163755
493 1.164152
494 1.164680
495 1.164372
496 1.164443
497 1.163523
498 1.162337
499 1.161222
500 1.161156
501 1.160444
502 1.161352
503 1.162325
504 1.161429
505 1.162076
506 1.161928
507 1.161678
508 1.162705
509 1.163577
510 1.162995
511 1.162901
512 1.162260
513 1.161572
514 1.162503
515 1.161483
516 1.160978
517 1.161388
518 1.161417
519 1.161406
520 1.161696
521 1.161370
522 1.160907
523 1.160284
524 1.160468
525 1.160207
526 1.161489
527 1.163067
528 1.162895
529 1.162040
530 1.161192
531 1.161352
532 1.161477
533 1.160967
534 1.161352
535 1.161275
536 1.160498
537 1.160735
538 1.161002
539 1.160545
540 1.161459
541 1.161607
542 1.162355
543 1.163108
544 1.163500
545 1.164016
546 1.163429
547 1.162681
548 1.162936
549 1.163286
550 1.163102
551 1.163256
552 1.162610
553 1.163055
554 1.162432
555 1.162901
556 1.162218
557 1.162171
558 1.161026
559 1.161720
560 1.162432
561 1.162752
562 1.162444
563 1.163102
564 1.162284
565 1.162948
566 1.162622
567 1.162948
568 1.163233
569 1.163423
570 1.162889
571 1.161963
572 1.162052
573 1.162426
574 1.162592
575 1.163440
576 1.163292
577 1.162912
578 1.162521
579 1.162396
580 1.162515
581 1.163043
582 1.162835
583 1.162711
584 1.163737
585 1.163251
586 1.162634
587 1.163541
588 1.162610
589 1.162206
590 1.160984
591 1.160403
592 1.159988
593 1.159928
594 1.159650
595 1.159068
596 1.159009
597 1.159169
598 1.159543
599 1.159899
600 1.160148
601 1.160794
602 1.161091
603 1.160777
604 1.161346
605 1.161916
606 1.162272
607 1.162135
608 1.163363
609 1.162918
610 1.163559
611 1.163903
612 1.162936
613 1.162829
614 1.162823
615 1.163031
616 1.163245
617 1.163322
618 1.163844
619 1.163517
620 1.164188
621 1.164550
622 1.164158
623 1.164645
624 1.164740
625 1.164734
626 1.165107
627 1.164093
628 1.163446
629 1.163108
630 1.163345
631 1.164295
632 1.162871
633 1.162195
634 1.163191
635 1.163440
636 1.163375
637 1.163061
638 1.163215
639 1.163090
640 1.163108
641 1.163417
642 1.162853
643 1.163007
644 1.162901
645 1.164134
646 1.164111
647 1.163612
648 1.163826
649 1.163292
650 1.163334
651 1.163417
652 1.162972
653 1.163482
654 1.163251
655 1.162331
656 1.161305
657 1.161750
658 1.161975
659 1.161767
660 1.162058
661 1.161999
662 1.161180
663 1.161821
664 1.162462
665 1.161779
666 1.161821
667 1.161441
668 1.161578
669 1.162503
670 1.163037
671 1.163737
672 1.163873
673 1.164983
674 1.164152
675 1.165802
676 1.166312
677 1.165250
678 1.164259
679 1.164241
680 1.163879
681 1.162871
682 1.164206
683 1.164312
684 1.165291
685 1.165339
686 1.166199
687 1.166341
688 1.167059
689 1.166519
