1 1.138328
2 1.118110
3 1.107141
4 1.099209
5 1.095389
6 1.090732
7 1.086644
8 1.082064
9 1.077508
10 1.072904
11 1.068366
12 1.063596
13 1.059817
14 1.055593
15 1.052028
16 1.049145
17 1.046060
18 1.042856
19 1.039653
20 1.036645
21 1.035031
22 1.031341
23 1.030060
24 1.027966
25 1.025961
26 1.023902
27 1.021511
28 1.018990
29 1.017851
30 1.016291
31 1.015092
32 1.014576
33 1.014036
34 1.013057
35 1.011841
36 1.011301
37 1.011687
38 1.010856
39 1.011159
40 1.010839
41 1.009795
42 1.008567
43 1.009047
44 1.008377
45 1.008157
46 1.008905
47 1.009498
48 1.009551
49 1.010441
50 1.011776
51 1.011503
52 1.012257
53 1.012435
54 1.012304
55 1.013336
56 1.014707
57 1.015828
58 1.017525
59 1.018213
60 1.019061
61 1.021137
62 1.022152
63 1.022437
64 1.023807
65 1.025711
66 1.027444
67 1.028239
68 1.029040
69 1.031674
70 1.033756
71 1.035637
72 1.038615
73 1.038466
74 1.040062
75 1.040822
76 1.041676
77 1.043206
78 1.044067
79 1.046125
80 1.048688
81 1.050604
82 1.051785
83 1.052888
84 1.054917
85 1.056703
86 1.058233
87 1.060084
88 1.059408
89 1.062683
90 1.063940
91 1.065845
92 1.066800
93 1.068657
94 1.071154
95 1.071819
96 1.072501
97 1.074038
98 1.074251
99 1.076511
100 1.078232
101 1.078190
102 1.078517
103 1.079484
104 1.080646
105 1.081400
106 1.083280
107 1.084663
108 1.086229
109 1.087837
110 1.088679
111 1.089278
112 1.089949
113 1.092227
114 1.091983
115 1.094700
116 1.096071
117 1.096836
118 1.097833
119 1.098479
120 1.100188
121 1.102223
122 1.103403
123 1.104448
124 1.105231
125 1.106275
126 1.107153
127 1.108488
128 1.108262
129 1.110024
130 1.110902
131 1.111751
132 1.112065
133 1.113679
134 1.115185
135 1.115969
136 1.116817
137 1.117808
138 1.118964
139 1.120750
140 1.120851
141 1.120762
142 1.121527
143 1.122720
144 1.122209
145 1.123354
146 1.123764
147 1.125722
148 1.126724
149 1.126433
150 1.127828
151 1.127679
152 1.127786
153 1.129625
154 1.130123
155 1.131061
156 1.131025
157 1.130663
158 1.131518
159 1.132532
160 1.133119
161 1.133523
162 1.133244
163 1.135356
164 1.135825
165 1.136003
166 1.136851
167 1.136975
168 1.138103
169 1.137794
170 1.138583
171 1.138832
172 1.140096
173 1.141045
174 1.140654
175 1.140624
176 1.140399
177 1.140903
178 1.142113
179 1.141668
180 1.142131
181 1.143341
182 1.144326
183 1.144723
184 1.144403
185 1.145002
186 1.145103
187 1.146462
188 1.145934
189 1.146100
190 1.146402
191 1.147909
192 1.148763
193 1.149363
194 1.149517
195 1.150614
196 1.150626
197 1.150158
198 1.151107
199 1.151297
200 1.152347
201 1.152964
202 1.153337
203 1.153830
204 1.154998
205 1.154773
206 1.154702
207 1.154844
208 1.155372
209 1.155580
210 1.155669
211 1.156648
212 1.157437
213 1.157170
214 1.155283
215 1.156487
216 1.155841
217 1.156855
218 1.156559
219 1.156737
220 1.156689
221 1.157164
222 1.157716
223 1.157674
224 1.158309
225 1.158629
226 1.159258
227 1.159869
228 1.159786
229 1.159228
230 1.159851
231 1.159733
232 1.159371
233 1.159270
234 1.159715
235 1.160961
236 1.161732
237 1.163185
238 1.161862
239 1.162094
240 1.162746
241 1.162479
242 1.163405
243 1.163162
244 1.163962
245 1.164390
246 1.165131
247 1.164894
248 1.164585
249 1.164811
250 1.164876
251 1.165001
252 1.164657
253 1.163873
254 1.164312
255 1.164597
256 1.164983
257 1.165084
258 1.165873
259 1.166460
260 1.165718
261 1.166656
262 1.167510
263 1.167688
264 1.165896
265 1.166395
266 1.166466
267 1.167469
268 1.168821
269 1.168851
270 1.168317
271 1.166964
272 1.167053
273 1.166496
274 1.166774
275 1.167771
276 1.167041
277 1.167985
278 1.168566
279 1.168958
280 1.168287
281 1.169124
282 1.169153
283 1.168928
284 1.167629
285 1.167065
286 1.167101
287 1.166602
288 1.166668
289 1.166834
290 1.167035
291 1.166869
292 1.166602
293 1.165641
294 1.165855
295 1.165576
296 1.164562
297 1.165327
298 1.166430
299 1.166774
300 1.168127
301 1.168447
302 1.167949
303 1.168536
304 1.167997
305 1.166869
306 1.167273
307 1.167397
308 1.169023
309 1.168649
310 1.168548
311 1.168845
312 1.168786
313 1.168347
314 1.167403
315 1.167296
316 1.166608
317 1.166739
318 1.166163
319 1.166015
320 1.164953
321 1.165641
322 1.166579
323 1.168210
324 1.168252
325 1.168993
326 1.169581
327 1.170381
328 1.170850
329 1.170381
330 1.170203
331 1.169503
332 1.168720
333 1.169515
334 1.169871
335 1.170488
336 1.170951
337 1.171639
338 1.172256
339 1.172458
340 1.173312
341 1.174327
342 1.174700
343 1.174860
344 1.174926
345 1.173994
346 1.174789
347 1.173680
348 1.172665
349 1.172155
350 1.171805
351 1.172155
352 1.172339
353 1.172837
354 1.173288
355 1.173644
356 1.173876
357 1.173069
358 1.175009
359 1.174730
360 1.174973
361 1.174801
362 1.175145
363 1.174819
364 1.174878
365 1.175329
366 1.175240
367 1.175590
368 1.175762
369 1.175466
370 1.175365
371 1.174510
372 1.175056
373 1.175756
374 1.176593
375 1.175460
376 1.174629
377 1.174338
378 1.173816
379 1.173698
380 1.173187
381 1.173170
382 1.173122
383 1.173466
384 1.174243
385 1.174617
386 1.174629
387 1.175685
388 1.175566
389 1.174926
390 1.175062
391 1.175276
392 1.176403
393 1.175976
394 1.176599
395 1.176527
396 1.177868
397 1.178283
398 1.177886
399 1.176830
400 1.176931
401 1.178295
402 1.177115
403 1.176616
404 1.176652
405 1.177139
406 1.176812
407 1.175964
408 1.175994
409 1.176403
410 1.176705
411 1.177091
412 1.177809
413 1.177091
414 1.178022
415 1.179280
416 1.179660
417 1.179339
418 1.178545
419 1.179013
420 1.178705
421 1.178236
422 1.179108
423 1.178966
424 1.180384
425 1.181202
426 1.180449
427 1.179867
428 1.180028
429 1.179203
430 1.179761
431 1.180520
432 1.179310
433 1.178960
434 1.179055
435 1.178473
436 1.178942
437 1.177916
438 1.177269
439 1.176593
440 1.177684
441 1.177536
442 1.177305
443 1.177370
444 1.178111
445 1.178361
446 1.178829
447 1.178177
448 1.178070
449 1.177026
450 1.176213
451 1.176462
452 1.176355
453 1.176290
454 1.175335
455 1.173953
456 1.174908
457 1.174599
458 1.174522
459 1.173994
460 1.174149
461 1.175644
462 1.175038
463 1.175673
464 1.175596
465 1.176219
466 1.176883
467 1.176753
468 1.175999
469 1.175038
470 1.174030
471 1.174380
472 1.174866
473 1.174985
474 1.174943
475 1.175246
476 1.175495
477 1.174665
478 1.173917
479 1.173591
480 1.172873
481 1.173330
482 1.173514
483 1.174599
484 1.174932
485 1.175827
486 1.176486
487 1.175786
488 1.175792
489 1.176059
490 1.175371
491 1.175566
492 1.175495
493 1.176172
494 1.175590
495 1.174012
496 1.173490
497 1.174748
498 1.174855
499 1.175234
500 1.174255
501 1.174457
502 1.174973
503 1.174943
504 1.175187
505 1.174682
506 1.174487
507 1.174997
508 1.175157
509 1.175584
510 1.174605
511 1.174855
512 1.174362
513 1.175382
514 1.175839
515 1.175691
516 1.175477
517 1.175816
518 1.175614
519 1.176670
520 1.176551
521 1.175839
522 1.175056
523 1.175098
524 1.174576
525 1.175555
526 1.174463
527 1.175074
528 1.174860
529 1.175655
530 1.176207
531 1.177210
532 1.176462
533 1.175566
534 1.175644
535 1.175228
536 1.174392
537 1.173098
538 1.173395
539 1.173015
540 1.173763
541 1.173324
542 1.172725
543 1.172244
544 1.172974
545 1.172499
546 1.173217
547 1.172398
548 1.172019
549 1.171876
550 1.172511
551 1.172393
552 1.172203
553 1.172084
554 1.171888
555 1.172719
556 1.172772
557 1.172956
558 1.173911
559 1.174516
560 1.176035
561 1.176243
562 1.176901
563 1.177352
564 1.176130
565 1.177103
566 1.177394
567 1.176753
568 1.176433
569 1.176611
570 1.177055
571 1.176160
572 1.176172
573 1.176658
574 1.176913
575 1.176700
576 1.176854
577 1.177275
578 1.177346
579 1.177293
580 1.177886
581 1.176581
582 1.176533
583 1.176243
584 1.176355
585 1.177340
586 1.177696
587 1.177625
588 1.176913
589 1.177061
590 1.177767
591 1.177281
592 1.176433
593 1.174510
594 1.174232
595 1.173745
596 1.175032
597 1.174825
598 1.175110
599 1.174991
600 1.174671
601 1.175181
602 1.174771
603 1.175151
604 1.175092
605 1.176533
606 1.175910
607 1.175655
608 1.175335
609 1.175780
610 1.176385
611 1.176587
612 1.176017
613 1.176053
614 1.176035
615 1.176088
616 1.176676
617 1.176142
618 1.176646
619 1.177548
620 1.178248
621 1.178693
622 1.178681
623 1.177898
624 1.178758
625 1.179239
626 1.178562
627 1.177530
628 1.175816
629 1.174860
630 1.174410
631 1.175175
632 1.174955
633 1.175199
634 1.175032
635 1.174160
636 1.175086
637 1.176077
638 1.176005
639 1.175905
640 1.176083
641 1.175655
642 1.175881
643 1.175893
644 1.175098
645 1.175371
646 1.175359
647 1.174012
648 1.175644
649 1.174849
650 1.174570
651 1.174439
652 1.175121
653 1.175151
654 1.174973
655 1.175270
656 1.174665
657 1.174593
658 1.174190
659 1.174362
660 1.174178
661 1.174777
662 1.175448
663 1.176035
664 1.177050
665 1.175750
666 1.176415
667 1.177388
668 1.177032
669 1.177477
670 1.177672
671 1.177637
672 1.176563
673 1.176527
674 1.177008
675 1.177489
676 1.177228
677 1.176694
678 1.177002
679 1.176682
680 1.177115
681 1.177661
682 1.177886
683 1.176901
684 1.175436
685 1.176201
686 1.176355
687 1.177055
688 1.177376
689 1.177293
690 1.177411
691 1.177856
692 1.177103
693 1.176741
694 1.177263
695 1.176421
696 1.175116
697 1.173852
698 1.174629
699 1.174362
700 1.175032
701 1.174469
702 1.174131
703 1.174356
704 1.175436
705 1.176284
706 1.175578
707 1.175205
708 1.175578
709 1.174712
710 1.175774
711 1.176005
712 1.176088
713 1.176160
714 1.177055
715 1.177192
716 1.177204
717 1.178438
718 1.178966
719 1.178349
720 1.178052
721 1.178052
722 1.178194
723 1.177892
724 1.177578
725 1.177981
726 1.178639
727 1.179239
728 1.179458
729 1.179078
730 1.178989
731 1.179909
732 1.180336
733 1.180378
734 1.181517
735 1.181968
736 1.182685
737 1.182952
738 1.183913
739 1.183296
740 1.183682
741 1.183101
742 1.182418
743 1.182899
744 1.182329
745 1.181689
746 1.181256
747 1.180538
748 1.180111
749 1.180769
750 1.181665
751 1.181250
752 1.179939
753 1.179007
754 1.178236
755 1.177933
756 1.177358
757 1.177928
758 1.177127
759 1.176053
760 1.175804
761 1.174825
762 1.176100
763 1.176771
764 1.176575
765 1.177311
766 1.176611
767 1.176765
768 1.176741
769 1.177293
770 1.177578
771 1.176142
772 1.175555
773 1.176433
774 1.175821
775 1.176166
776 1.176029
777 1.176539
778 1.177471
779 1.177038
780 1.176433
781 1.175021
782 1.175127
783 1.175661
784 1.175744
785 1.175555
786 1.176355
787 1.176688
788 1.176705
789 1.176949
790 1.178011
791 1.177388
792 1.177020
793 1.177643
794 1.177394
795 1.177690
796 1.176705
797 1.177672
798 1.177239
799 1.177400
800 1.176379
801 1.175644
802 1.175210
803 1.175151
804 1.175602
805 1.176522
806 1.176059
807 1.175715
808 1.176759
809 1.175940
810 1.175614
811 1.176255
812 1.176284
813 1.175578
814 1.175394
815 1.176065
816 1.176700
817 1.175572
818 1.175282
819 1.174255
820 1.174588
821 1.174071
822 1.174321
823 1.174528
824 1.174760
825 1.174837
826 1.175234
827 1.175489
828 1.174238
829 1.173899
830 1.172665
831 1.172624
832 1.173905
833 1.174421
834 1.174748
835 1.173632
836 1.174303
837 1.174920
838 1.175092
839 1.174760
840 1.174985
841 1.174736
842 1.173751
843 1.174255
844 1.175145
845 1.175365
846 1.174279
847 1.174255
848 1.174641
849 1.175400
850 1.176741
851 1.177767
852 1.177821
853 1.178117
854 1.179820
855 1.179606
856 1.180395
857 1.179393
858 1.178770
859 1.179256
860 1.179108
861 1.178153
862 1.179529
863 1.179428
864 1.179630
865 1.180538
866 1.180834
867 1.180740
868 1.180609
869 1.180069
870 1.180289
871 1.179517
872 1.179239
873 1.179096
874 1.178556
875 1.177275
876 1.177916
877 1.177494
878 1.177477
879 1.178058
880 1.178432
881 1.178100
882 1.177779
883 1.176931
884 1.177423
885 1.177601
886 1.178740
887 1.177583
888 1.177311
889 1.177435
890 1.177572
891 1.177975
892 1.178313
893 1.177839
894 1.177257
895 1.176593
896 1.176189
897 1.176700
898 1.175104
899 1.175388
900 1.175738
901 1.176332
902 1.175644
903 1.176593
904 1.178034
905 1.178610
906 1.178444
907 1.178687
908 1.178722
909 1.179565
910 1.179073
911 1.178545
912 1.178562
913 1.179084
914 1.179476
915 1.179856
916 1.178503
917 1.178337
918 1.178562
919 1.178331
920 1.177411
921 1.176652
922 1.177631
923 1.177738
924 1.176931
925 1.177975
926 1.179073
927 1.178752
928 1.178568
929 1.178135
930 1.178141
931 1.177815
932 1.178758
933 1.178806
934 1.178527
935 1.178343
936 1.177892
937 1.177791
938 1.178183
939 1.178681
940 1.178123
941 1.178722
942 1.178574
943 1.180336
944 1.180401
945 1.180757
946 1.182543
947 1.182958
948 1.183332
949 1.183148
950 1.182929
951 1.182911
952 1.181677
953 1.181084
954 1.179761
955 1.178906
956 1.179624
957 1.179773
958 1.179357
959 1.178978
960 1.178438
961 1.179031
962 1.178645
963 1.179144
964 1.178984
965 1.178811
966 1.178343
967 1.177566
968 1.178853
969 1.178384
970 1.178070
971 1.178829
972 1.178242
973 1.177340
974 1.177222
975 1.177856
976 1.177868
977 1.177714
978 1.178420
979 1.179197
980 1.180170
981 1.180461
982 1.180799
983 1.180965
984 1.181179
985 1.180004
986 1.179565
987 1.179322
988 1.180206
989 1.180633
990 1.180010
991 1.180045
992 1.180959
993 1.180692
994 1.180354
995 1.181125
996 1.181155
997 1.180722
998 1.179707
999 1.179767
1000 1.180105
1001 1.181244
1002 1.180864
1003 1.180597
1004 1.181095
1005 1.182662
1006 1.182567
1007 1.182674
1008 1.182383
1009 1.182163
1010 1.181493
1011 1.180918
1012 1.180146
1013 1.179749
1014 1.179998
1015 1.180562
1016 1.180971
1017 1.181167
1018 1.181481
1019 1.181766
1020 1.182703
1021 1.181879
1022 1.181374
1023 1.182721
1024 1.182335
1025 1.182602
1026 1.183528
1027 1.181813
1028 1.181291
1029 1.180123
1030 1.180508
1031 1.180514
1032 1.179755
1033 1.178681
1034 1.179250
1035 1.180550
1036 1.180490
1037 1.180769
1038 1.181434
1039 1.182347
1040 1.182270
1041 1.183059
1042 1.183332
1043 1.182816
1044 1.182181
1045 1.182703
1046 1.181991
1047 1.182537
1048 1.181499
1049 1.181511
1050 1.181149
1051 1.180692
1052 1.179642
1053 1.180538
1054 1.181184
1055 1.180051
1056 1.180473
1057 1.178924
1058 1.180158
1059 1.181493
1060 1.181985
1061 1.182211
1062 1.180704
1063 1.179369
1064 1.179292
1065 1.179013
1066 1.178984
1067 1.180894
1068 1.180277
1069 1.180894
1070 1.181837
1071 1.181754
1072 1.180081
1073 1.179755
1074 1.180342
1075 1.179405
1076 1.178408
1077 1.178106
1078 1.178295
1079 1.177868
1080 1.177613
1081 1.177192
1082 1.177121
1083 1.176735
1084 1.177643
1085 1.177922
1086 1.178088
1087 1.178788
1088 1.177750
1089 1.177251
1090 1.177204
1091 1.178076
1092 1.176189
1093 1.176266
1094 1.175288
1095 1.175388
1096 1.175590
1097 1.175365
1098 1.175560
1099 1.176088
1100 1.175685
1101 1.174878
1102 1.174605
1103 1.175163
1104 1.176201
1105 1.176344
1106 1.176996
1107 1.176195
1108 1.177578
1109 1.176658
1110 1.176794
1111 1.176759
1112 1.177744
1113 1.178699
1114 1.178046
1115 1.178438
1116 1.179031
1117 1.179156
1118 1.178200
1119 1.178307
1120 1.178088
1121 1.178082
1122 1.178307
1123 1.178972
1124 1.179541
1125 1.178693
1126 1.178681
1127 1.179506
1128 1.179476
1129 1.178450
1130 1.178272
1131 1.179102
1132 1.179808
1133 1.178924
1134 1.179328
1135 1.178017
1136 1.177939
1137 1.178378
1138 1.180229
1139 1.180520
1140 1.181606
1141 1.180034
1142 1.179440
1143 1.178912
1144 1.178675
1145 1.178900
1146 1.178479
1147 1.178301
1148 1.178533
1149 1.178651
1150 1.178028
1151 1.177358
1152 1.176011
1153 1.176427
1154 1.176314
1155 1.175822
1156 1.176148
1157 1.177050
1158 1.177222
1159 1.177109
1160 1.176854
1161 1.176189
1162 1.177489
1163 1.177014
1164 1.177073
1165 1.177144
1166 1.176812
1167 1.177180
1168 1.175922
1169 1.176172
1170 1.176100
1171 1.176486
1172 1.176587
1173 1.176261
1174 1.176498
1175 1.176527
1176 1.176077
1177 1.175418
1178 1.176344
1179 1.176415
1180 1.176700
1181 1.177091
1182 1.177417
1183 1.178598
1184 1.178070
1185 1.178550
1186 1.178106
1187 1.179001
1188 1.177791
1189 1.177886
1190 1.176261
1191 1.176966
1192 1.175151
1193 1.175038
1194 1.174896
1195 1.175056
1196 1.176094
1197 1.176611
1198 1.176154
1199 1.176005
1200 1.176492
1201 1.175916
1202 1.177050
1203 1.177839
1204 1.177945
1205 1.178064
1206 1.177987
1207 1.178675
1208 1.178764
1209 1.178877
1210 1.178895
1211 1.178070
1212 1.178159
1213 1.178651
1214 1.178343
1215 1.178426
1216 1.177696
1217 1.177316
1218 1.178028
1219 1.177044
1220 1.176741
1221 1.177251
1222 1.177572
1223 1.176794
1224 1.177186
1225 1.176183
1226 1.176516
1227 1.176504
1228 1.176557
1229 1.177892
1230 1.178278
1231 1.177530
1232 1.178111
1233 1.178604
1234 1.178224
1235 1.178283
1236 1.178438
1237 1.178343
1238 1.178479
1239 1.178930
1240 1.179393
1241 1.179808
1242 1.179832
1243 1.181131
1244 1.181517
1245 1.180769
1246 1.181558
1247 1.181339
1248 1.181440
1249 1.181594
1250 1.181374
1251 1.182003
1252 1.180562
1253 1.180401
1254 1.179962
1255 1.179968
1256 1.180206
1257 1.180366
1258 1.180348
1259 1.179369
1260 1.180461
1261 1.181024
1262 1.182074
1263 1.181368
1264 1.181208
1265 1.181837
1266 1.180935
1267 1.180544
1268 1.180134
1269 1.180306
1270 1.180900
1271 1.180437
1272 1.181374
1273 1.181161
1274 1.181807
1275 1.181861
1276 1.182288
1277 1.182270
1278 1.181695
1279 1.181612
1280 1.182288
1281 1.181944
1282 1.182917
1283 1.182217
1284 1.181831
1285 1.180437
1286 1.180965
1287 1.180870
1288 1.181499
1289 1.180935
1290 1.180704
1291 1.180473
1292 1.180805
1293 1.181434
1294 1.181629
1295 1.182371
1296 1.182798
1297 1.182768
1298 1.182751
1299 1.183866
1300 1.184441
1301 1.184275
1302 1.184857
1303 1.184869
1304 1.184708
1305 1.184691
1306 1.184637
1307 1.184441
1308 1.184495
1309 1.182626
1310 1.182757
1311 1.181754
1312 1.181618
1313 1.181345
1314 1.180455
1315 1.180656
1316 1.179268
1317 1.180194
1318 1.180360
1319 1.180579
1320 1.181119
1321 1.181042
1322 1.181493
1323 1.180301
1324 1.180674
1325 1.180378
1326 1.180395
1327 1.180568
1328 1.180443
1329 1.179761
1330 1.179494
1331 1.179939
1332 1.179167
1333 1.180093
1334 1.180556
1335 1.180609
1336 1.180674
1337 1.181042
1338 1.182027
1339 1.183012
1340 1.183291
1341 1.184572
1342 1.184002
1343 1.183563
1344 1.183878
1345 1.183047
1346 1.182917
1347 1.183356
1348 1.182668
1349 1.181902
1350 1.181386
1351 1.181641
1352 1.182015
1353 1.180775
1354 1.181529
1355 1.181825
1356 1.183000
1357 1.183741
1358 1.185017
1359 1.184169
1360 1.184774
1361 1.183445
1362 1.183439
1363 1.184121
1364 1.183528
1365 1.183777
1366 1.183385
1367 1.183207
1368 1.183190
1369 1.182567
1370 1.183463
1371 1.182792
1372 1.182335
1373 1.181796
1374 1.180799
1375 1.180906
1376 1.180099
1377 1.179624
1378 1.178574
1379 1.178491
1380 1.178936
1381 1.179262
1382 1.178693
1383 1.178568
1384 1.178153
1385 1.178396
1386 1.177738
1387 1.177661
1388 1.178402
1389 1.178770
1390 1.178782
1391 1.178989
1392 1.177880
1393 1.178254
1394 1.178811
1395 1.178242
1396 1.178147
1397 1.178942
1398 1.179280
1399 1.178877
1400 1.179250
1401 1.178681
1402 1.178758
1403 1.178936
1404 1.178384
1405 1.179363
1406 1.179298
1407 1.179873
1408 1.179446
1409 1.179867
1410 1.180206
1411 1.179428
1412 1.179820
1413 1.179933
1414 1.179980
1415 1.179423
1416 1.179363
1417 1.179488
1418 1.179156
1419 1.178568
1420 1.178372
1421 1.178770
1422 1.178509
1423 1.176723
1424 1.177287
1425 1.177696
1426 1.178770
1427 1.179156
1428 1.180081
1429 1.181007
1430 1.180781
1431 1.179648
1432 1.178058
1433 1.178070
1434 1.178355
1435 1.177916
1436 1.176901
1437 1.175590
1438 1.175863
1439 1.175549
1440 1.173793
1441 1.174303
1442 1.174665
1443 1.174368
1444 1.174071
1445 1.173312
1446 1.173739
1447 1.173437
1448 1.172381
1449 1.172654
1450 1.172600
1451 1.172665
1452 1.172689
1453 1.173348
1454 1.172351
1455 1.172523
1456 1.172120
1457 1.171948
1458 1.172013
1459 1.172559
1460 1.172950
1461 1.174297
1462 1.173982
1463 1.174528
1464 1.174694
1465 1.175655
1466 1.177483
1467 1.177008
1468 1.176640
1469 1.177109
1470 1.177293
1471 1.175804
1472 1.176183
1473 1.177115
1474 1.177210
1475 1.178094
1476 1.177441
1477 1.178289
1478 1.178177
1479 1.177601
1480 1.176527
1481 1.177109
1482 1.177732
1483 1.177922
1484 1.178117
1485 1.178147
1486 1.178266
1487 1.179233
1488 1.179559
1489 1.179173
1490 1.178521
1491 1.177583
1492 1.177263
1493 1.177216
1494 1.177091
1495 1.176462
1496 1.175946
1497 1.175317
1498 1.175851
1499 1.175068
1500 1.174410
1501 1.175181
1502 1.176136
1503 1.176783
1504 1.176949
1505 1.176688
1506 1.176516
1507 1.176616
1508 1.176616
1509 1.175477
1510 1.175792
1511 1.174030
1512 1.173994
1513 1.174659
1514 1.173917
1515 1.173704
1516 1.174137
1517 1.175116
1518 1.175027
1519 1.175199
1520 1.175003
1521 1.173840
1522 1.175098
1523 1.176355
1524 1.176249
1525 1.176017
1526 1.176468
1527 1.177447
1528 1.177477
1529 1.178159
1530 1.177738
1531 1.177026
1532 1.176326
1533 1.176783
1534 1.175738
1535 1.174932
1536 1.175466
1537 1.175958
1538 1.177827
1539 1.178764
1540 1.178746
1541 1.179897
1542 1.180040
1543 1.180413
1544 1.179885
1545 1.180306
1546 1.180722
1547 1.181671
1548 1.180912
1549 1.180479
1550 1.180170
1551 1.179796
1552 1.180431
1553 1.180971
1554 1.181167
1555 1.181012
1556 1.182098
1557 1.180888
1558 1.180918
1559 1.180128
1560 1.179796
1561 1.179618
1562 1.178414
1563 1.178794
1564 1.178111
1565 1.177797
1566 1.177969
1567 1.177643
1568 1.176919
1569 1.177222
1570 1.177275
1571 1.176581
1572 1.177316
1573 1.177779
1574 1.176183
1575 1.176338
1576 1.175317
1577 1.175489
1578 1.175329
1579 1.175205
1580 1.176421
1581 1.176581
1582 1.176201
1583 1.176005
1584 1.176344
1585 1.177245
1586 1.177506
1587 1.178242
1588 1.177453
1589 1.177435
1590 1.176800
1591 1.176177
1592 1.175827
1593 1.176201
1594 1.175768
1595 1.175507
1596 1.175899
1597 1.176249
1598 1.177417
1599 1.177850
1600 1.177862
1601 1.178711
1602 1.178046
1603 1.177328
1604 1.177020
1605 1.176806
1606 1.175952
1607 1.174730
1608 1.174884
1609 1.175697
1610 1.175839
1611 1.175988
1612 1.176474
1613 1.175851
1614 1.176314
1615 1.177251
1616 1.178408
1617 1.177192
1618 1.176961
1619 1.177156
1620 1.177073
1621 1.176533
1622 1.176688
1623 1.177827
1624 1.177008
1625 1.177376
1626 1.177257
1627 1.176741
1628 1.176800
1629 1.178206
1630 1.178355
1631 1.177352
1632 1.177002
1633 1.177251
1634 1.178058
1635 1.178355
1636 1.178426
1637 1.179393
1638 1.179256
1639 1.179767
1640 1.180793
1641 1.180829
1642 1.181208
1643 1.180081
1644 1.179440
1645 1.180152
1646 1.179832
1647 1.180692
1648 1.181155
1649 1.182276
1650 1.181659
1651 1.181885
1652 1.181428
1653 1.180971
1654 1.181291
1655 1.181920
1656 1.181523
1657 1.181131
1658 1.179701
1659 1.180401
1660 1.179992
1661 1.179648
1662 1.180846
1663 1.181232
1664 1.181689
1665 1.181950
1666 1.181167
1667 1.180603
1668 1.180401
1669 1.181024
1670 1.181339
1671 1.182134
1672 1.182442
1673 1.182596
1674 1.182347
1675 1.181446
1676 1.181558
1677 1.181392
1678 1.180271
1679 1.180425
1680 1.181570
1681 1.180609
1682 1.180526
1683 1.180111
1684 1.180615
1685 1.181113
1686 1.181238
1687 1.180894
1688 1.180906
1689 1.181084
1690 1.181825
1691 1.182217
1692 1.182994
1693 1.181784
1694 1.181813
1695 1.181279
1696 1.180929
1697 1.181689
1698 1.182246
1699 1.180722
1700 1.181048
1701 1.180217
1702 1.181060
1703 1.182033
1704 1.182739
1705 1.182976
1706 1.183154
1707 1.182270
1708 1.182033
1709 1.181357
1710 1.181926
1711 1.181944
1712 1.181084
1713 1.180040
1714 1.179096
1715 1.179517
1716 1.180045
1717 1.178367
1718 1.179090
1719 1.179743
1720 1.180318
1721 1.180289
1722 1.179476
1723 1.179132
1724 1.178883
1725 1.179067
1726 1.178895
1727 1.179280
1728 1.180662
1729 1.181149
1730 1.181647
1731 1.181552
1732 1.181534
1733 1.182092
1734 1.181570
1735 1.182531
1736 1.181843
1737 1.181499
1738 1.180846
1739 1.180977
1740 1.180336
1741 1.181499
1742 1.181867
1743 1.181724
1744 1.182062
1745 1.182768
1746 1.182098
1747 1.181629
1748 1.180775
1749 1.181303
1750 1.181339
1751 1.180775
1752 1.179221
1753 1.179796
1754 1.179790
1755 1.179719
1756 1.179411
1757 1.179470
1758 1.179031
1759 1.178859
1760 1.181196
1761 1.182703
1762 1.182187
1763 1.182211
1764 1.181303
1765 1.181707
1766 1.182389
1767 1.181475
1768 1.181979
1769 1.180740
1770 1.180407
1771 1.180989
1772 1.181588
1773 1.182264
1774 1.180698
1775 1.181404
1776 1.181718
1777 1.182098
1778 1.181404
1779 1.181914
1780 1.182015
1781 1.181962
1782 1.182347
1783 1.182549
1784 1.182970
1785 1.183095
1786 1.183332
1787 1.183154
1788 1.183207
1789 1.182306
1790 1.182715
1791 1.181309
1792 1.180716
1793 1.181499
1794 1.181902
1795 1.181623
1796 1.181054
1797 1.179784
1798 1.180330
1799 1.180301
1800 1.180615
1801 1.180556
1802 1.181380
1803 1.182407
1804 1.182656
1805 1.182276
1806 1.182110
1807 1.182341
1808 1.182401
1809 1.182923
1810 1.181766
1811 1.181979
1812 1.182288
1813 1.183575
1814 1.184068
1815 1.183813
1816 1.184275
1817 1.184008
1818 1.183611
1819 1.184014
1820 1.183747
1821 1.183255
1822 1.182816
1823 1.182009
1824 1.182163
1825 1.183741
1826 1.184121
1827 1.183041
1828 1.183937
1829 1.184329
1830 1.183706
1831 1.184163
1832 1.183546
1833 1.182620
1834 1.182306
1835 1.181469
1836 1.180680
1837 1.181315
1838 1.182062
1839 1.182804
1840 1.182513
1841 1.182709
1842 1.183397
1843 1.182157
1844 1.181885
1845 1.183012
1846 1.182751
1847 1.181813
1848 1.181772
1849 1.181825
1850 1.181938
1851 1.182561
1852 1.183083
1853 1.183249
1854 1.182863
1855 1.182768
1856 1.181339
1857 1.180496
1858 1.180461
1859 1.180799
1860 1.179684
1861 1.179494
1862 1.179405
1863 1.179405
1864 1.180212
1865 1.179909
1866 1.179873
1867 1.179274
1868 1.178283
1869 1.178396
1870 1.176990
1871 1.176700
1872 1.176996
1873 1.177079
1874 1.177572
1875 1.178800
1876 1.178242
1877 1.177755
1878 1.178028
1879 1.178420
1880 1.178384
1881 1.178740
1882 1.177951
1883 1.176812
1884 1.176966
1885 1.176854
1886 1.178034
1887 1.178396
1888 1.179488
1889 1.180164
1890 1.180206
1891 1.179464
1892 1.179512
1893 1.180277
1894 1.180906
1895 1.180763
1896 1.179755
1897 1.180425
1898 1.180247
1899 1.179624
1900 1.179096
1901 1.178402
1902 1.179049
1903 1.178924
1904 1.179743
1905 1.179547
1906 1.179470
1907 1.179790
1908 1.180757
1909 1.181018
1910 1.181392
1911 1.181113
1912 1.180656
1913 1.180591
1914 1.180876
1915 1.180935
1916 1.181410
1917 1.179879
1918 1.179280
1919 1.178711
1920 1.177963
1921 1.177536
1922 1.178307
1923 1.178058
1924 1.178052
1925 1.178022
1926 1.179256
1927 1.179956
1928 1.180455
1929 1.179755
1930 1.178918
1931 1.178794
1932 1.179025
1933 1.179885
1934 1.179951
1935 1.180022
1936 1.180342
1937 1.181392
1938 1.180680
1939 1.180289
1940 1.180858
1941 1.180645
1942 1.180514
1943 1.179767
1944 1.179784
1945 1.178948
1946 1.178355
1947 1.178811
1948 1.178912
1949 1.179173
1950 1.178895
1951 1.177423
1952 1.177441
1953 1.179114
1954 1.178657
1955 1.178562
1956 1.178598
1957 1.178034
1958 1.178918
1959 1.180028
1960 1.181226
1961 1.181701
1962 1.182033
1963 1.180977
1964 1.180811
1965 1.179589
1966 1.179565
1967 1.180603
1968 1.181262
1969 1.180081
1970 1.180467
1971 1.181167
1972 1.181570
1973 1.181179
1974 1.181167
1975 1.182282
1976 1.183219
1977 1.182341
1978 1.181748
1979 1.181991
1980 1.181072
1981 1.181422
1982 1.182668
1983 1.182389
1984 1.182768
1985 1.183095
1986 1.181558
1987 1.180639
1988 1.180585
1989 1.180289
1990 1.179933
1991 1.180888
1992 1.181024
1993 1.180176
1994 1.180247
1995 1.180028
1996 1.180929
1997 1.179951
1998 1.179096
1999 1.178408
2000 1.177898
2001 1.178586
2002 1.177892
2003 1.177993
2004 1.177340
2005 1.176557
2006 1.176261
2007 1.175762
2008 1.176943
2009 1.177228
2010 1.178663
2011 1.178752
2012 1.178693
2013 1.178384
2014 1.178212
2015 1.178278
2016 1.177494
2017 1.177827
2018 1.178260
2019 1.178539
2020 1.178378
2021 1.177939
2022 1.177827
2023 1.177453
2024 1.177364
2025 1.176877
2026 1.177417
2027 1.177299
2028 1.177400
2029 1.177874
2030 1.177566
2031 1.176421
2032 1.176415
2033 1.176504
2034 1.177447
2035 1.176385
2036 1.176438
2037 1.176207
2038 1.176830
2039 1.177322
2040 1.178930
2041 1.180259
2042 1.180597
2043 1.180894
2044 1.181072
2045 1.180906
2046 1.180443
2047 1.179387
2048 1.180306
2049 1.179933
2050 1.180941
2051 1.181291
2052 1.180829
2053 1.180360
2054 1.179506
2055 1.180087
2056 1.179962
2057 1.180740
2058 1.180858
2059 1.181511
2060 1.182335
2061 1.182413
2062 1.181950
2063 1.181552
2064 1.180514
2065 1.179755
2066 1.179541
2067 1.179458
2068 1.179452
2069 1.179025
2070 1.179025
2071 1.178705
2072 1.178461
2073 1.177447
2074 1.178313
2075 1.179233
2076 1.178948
2077 1.178746
2078 1.179446
2079 1.179583
2080 1.179612
2081 1.180366
2082 1.180360
2083 1.179826
2084 1.178693
2085 1.178236
2086 1.178734
2087 1.179743
2088 1.179363
2089 1.179464
2090 1.178788
2091 1.178699
2092 1.179286
2093 1.178758
2094 1.178550
2095 1.177951
2096 1.178794
2097 1.178829
2098 1.178450
2099 1.177916
2100 1.177073
2101 1.176925
2102 1.176729
2103 1.177269
2104 1.177904
2105 1.178485
2106 1.179049
2107 1.178823
2108 1.179885
2109 1.178687
2110 1.177156
2111 1.177518
2112 1.177328
2113 1.178171
2114 1.178461
2115 1.179494
2116 1.178610
2117 1.179838
2118 1.180461
2119 1.180621
2120 1.181167
2121 1.179951
2122 1.180995
2123 1.181410
2124 1.181244
2125 1.180763
2126 1.180817
2127 1.181855
2128 1.181582
2129 1.180591
2130 1.180401
2131 1.180075
2132 1.179695
2133 1.179209
2134 1.179796
2135 1.180354
2136 1.180858
2137 1.181143
2138 1.181078
2139 1.181345
2140 1.182068
2141 1.183202
2142 1.182205
2143 1.182608
2144 1.182792
2145 1.183148
2146 1.182252
2147 1.181701
2148 1.180722
2149 1.181054
2150 1.180811
2151 1.180846
2152 1.181090
2153 1.180170
2154 1.180081
2155 1.179624
2156 1.180099
2157 1.179725
2158 1.179915
2159 1.181250
2160 1.181552
2161 1.181529
2162 1.180781
2163 1.182555
2164 1.183107
2165 1.183599
2166 1.183391
2167 1.182994
2168 1.183219
2169 1.182312
2170 1.181801
2171 1.182970
2172 1.183136
2173 1.183178
2174 1.183006
2175 1.183279
2176 1.182276
2177 1.181629
2178 1.180912
2179 1.180562
2180 1.180354
2181 1.180520
2182 1.181416
2183 1.182401
2184 1.181386
2185 1.181072
2186 1.181511
2187 1.181564
2188 1.181268
2189 1.180502
2190 1.181416
2191 1.181202
2192 1.180740
2193 1.180852
2194 1.180858
2195 1.181819
2196 1.182157
2197 1.181790
2198 1.182217
2199 1.182436
2200 1.182175
2201 1.180680
2202 1.179583
2203 1.180502
2204 1.179417
2205 1.179037
2206 1.179672
2207 1.179689
2208 1.180289
2209 1.180740
2210 1.180538
2211 1.179879
2212 1.180473
2213 1.181612
2214 1.182199
2215 1.182685
2216 1.182110
2217 1.181131
2218 1.182264
2219 1.180900
2220 1.180870
2221 1.180947
2222 1.180965
2223 1.181457
2224 1.181291
2225 1.179393
2226 1.179310
2227 1.179084
2228 1.178936
2229 1.177898
2230 1.178129
2231 1.178165
2232 1.177922
2233 1.178301
2234 1.179262
2235 1.180923
2236 1.181926
2237 1.181048
2238 1.181066
2239 1.180526
2240 1.179725
2241 1.180022
2242 1.179642
2243 1.180906
2244 1.180722
2245 1.180336
2246 1.181606
2247 1.181291
2248 1.181920
2249 1.181885
2250 1.180947
2251 1.180520
2252 1.180128
2253 1.180069
2254 1.180063
2255 1.179927
2256 1.179838
2257 1.178562
2258 1.178782
2259 1.179304
2260 1.179553
2261 1.180811
2262 1.180520
2263 1.179446
2264 1.179233
2265 1.178883
2266 1.178728
2267 1.178461
2268 1.178806
