1 1.138423
2 1.117991
3 1.107574
4 1.100052
5 1.096184
6 1.091711
7 1.087362
8 1.083156
9 1.079478
10 1.075361
11 1.070947
12 1.066260
13 1.063039
14 1.059859
15 1.056703
16 1.054359
17 1.051292
18 1.048213
19 1.045627
20 1.042993
21 1.039528
22 1.036787
23 1.035109
24 1.033364
25 1.031739
26 1.029918
27 1.028612
28 1.028150
29 1.027248
30 1.025961
31 1.024317
32 1.024003
33 1.023036
34 1.022401
35 1.021861
36 1.022282
37 1.021986
38 1.022057
39 1.021434
40 1.020503
41 1.020491
42 1.021013
43 1.020532
44 1.021482
45 1.021559
46 1.021814
47 1.023285
48 1.022739
49 1.023973
50 1.024768
51 1.025889
52 1.026447
53 1.028221
54 1.028790
55 1.030392
56 1.032611
57 1.033394
58 1.033542
59 1.034450
60 1.035969
61 1.037398
62 1.039107
63 1.040104
64 1.041421
65 1.042690
66 1.044357
67 1.044867
68 1.045674
69 1.047407
70 1.049198
71 1.049934
72 1.050219
73 1.051886
74 1.053849
75 1.056098
76 1.057338
77 1.058975
78 1.060755
79 1.062831
80 1.063270
81 1.064314
82 1.065085
83 1.066491
84 1.068271
85 1.069707
86 1.071676
87 1.072887
88 1.074222
89 1.076357
90 1.076891
91 1.076832
92 1.078825
93 1.081287
94 1.082871
95 1.084965
96 1.086893
97 1.087635
98 1.088104
99 1.089474
100 1.090583
101 1.090583
102 1.090583
103 1.090583
104 1.090583
105 1.090583
106 1.090583
107 1.090583
108 1.090583
109 1.090583
110 1.090583
111 1.090583
112 1.090583
113 1.090583
114 1.090583
115 1.090583
116 1.090583
117 1.090583
118 1.090583
119 1.090583
120 1.090583
121 1.090583
122 1.090583
123 1.090583
124 1.090583
125 1.090583
126 1.090583
127 1.090583
128 1.090583
129 1.090583
130 1.090583
131 1.090583
132 1.090583
133 1.090583
134 1.090583
135 1.090583
136 1.090583
137 1.090583
138 1.090583
139 1.090583
140 1.090583
141 1.090583
142 1.090583
143 1.090583
144 1.090583
145 1.090583
146 1.090583
147 1.090583
148 1.090583
149 1.090583
150 1.090583
151 1.090583
152 1.090583
153 1.090583
154 1.090583
155 1.090583
156 1.090583
157 1.090583
158 1.090583
159 1.090583
160 1.090583
161 1.090583
162 1.090583
163 1.090583
164 1.090583
165 1.090583
166 1.090583
167 1.090583
168 1.090583
169 1.090583
170 1.090583
171 1.090583
172 1.090583
173 1.090583
174 1.090583
175 1.090583
176 1.090583
177 1.090583
178 1.090583
179 1.090583
180 1.090583
181 1.090583
182 1.090583
183 1.090583
184 1.090583
185 1.090583
186 1.090583
187 1.090583
188 1.090583
189 1.090583
190 1.090583
191 1.090583
192 1.090583
193 1.090583
194 1.090583
195 1.090583
196 1.090583
197 1.090583
198 1.090583
199 1.090583
200 1.090583
201 1.090583
202 1.090583
203 1.090583
204 1.090583
205 1.090583
206 1.090583
207 1.090583
208 1.090583
209 1.090583
210 1.090583
211 1.090583
212 1.090583
213 1.090583
214 1.090583
215 1.090583
216 1.090583
217 1.090583
218 1.090583
219 1.090583
220 1.090583
221 1.090583
222 1.090583
223 1.090583
224 1.090583
225 1.090583
226 1.090583
227 1.090583
228 1.090583
229 1.090583
230 1.090583
231 1.090583
232 1.090583
233 1.090583
234 1.090583
235 1.090583
236 1.090583
237 1.090583
238 1.090583
239 1.090583
240 1.090583
241 1.090583
242 1.090583
243 1.090583
244 1.090583
245 1.090583
246 1.090583
247 1.090583
248 1.090583
249 1.090583
250 1.090583
251 1.090583
252 1.090583
253 1.090583
254 1.090583
255 1.090583
256 1.090583
257 1.090583
258 1.090583
259 1.090583
260 1.090583
261 1.090583
262 1.090583
263 1.090583
264 1.090583
265 1.090583
266 1.090583
267 1.090583
268 1.090583
269 1.090583
270 1.090583
271 1.090583
272 1.090583
273 1.090583
274 1.090583
275 1.090583
276 1.090583
277 1.090583
278 1.090583
279 1.090583
280 1.090583
281 1.090583
282 1.090583
283 1.090583
284 1.090583
285 1.090583
286 1.090583
287 1.090583
288 1.090583
289 1.090583
290 1.090583
291 1.090583
292 1.090583
293 1.090583
294 1.090583
295 1.090583
296 1.090583
297 1.090583
298 1.090583
299 1.090583
300 1.090583
301 1.090583
302 1.090583
303 1.090583
304 1.090583
305 1.090583
306 1.090583
307 1.090583
308 1.090583
309 1.090583
310 1.090583
311 1.090583
312 1.090583
313 1.090583
314 1.090583
315 1.090583
316 1.090583
317 1.090583
318 1.090583
319 1.090583
320 1.090583
321 1.090583
322 1.090583
323 1.090583
324 1.090583
325 1.090583
326 1.090583
327 1.090583
328 1.090583
329 1.090583
330 1.090583
331 1.090583
332 1.090583
333 1.090583
334 1.090583
335 1.090583
336 1.090583
337 1.090583
338 1.090583
339 1.090583
340 1.090583
341 1.090583
342 1.090583
343 1.090583
344 1.090583
345 1.090583
346 1.090583
347 1.090583
348 1.090583
349 1.090583
350 1.090583
351 1.090583
352 1.090583
353 1.090583
354 1.090583
355 1.090583
356 1.090583
357 1.090583
358 1.090583
359 1.090583
360 1.090583
361 1.090583
362 1.090583
363 1.090583
364 1.090583
365 1.090583
366 1.090583
367 1.090583
368 1.090583
369 1.090583
370 1.090583
371 1.090583
372 1.090583
373 1.090583
374 1.090583
375 1.090583
376 1.090583
377 1.090583
378 1.090583
379 1.090583
380 1.090583
381 1.090583
382 1.090583
383 1.090583
384 1.090583
385 1.090583
386 1.090583
387 1.090583
388 1.090583
389 1.090583
390 1.090583
391 1.090583
392 1.090583
393 1.090583
394 1.090583
395 1.090583
396 1.090583
397 1.090583
398 1.090583
399 1.090583
400 1.090583
401 1.090583
402 1.090583
403 1.090583
404 1.090583
405 1.090583
406 1.090583
407 1.090583
408 1.090583
409 1.090583
410 1.090583
411 1.090583
412 1.090583
413 1.090583
414 1.090583
415 1.090583
416 1.090583
417 1.090583
418 1.090583
419 1.090583
420 1.090583
421 1.090583
422 1.090583
423 1.090583
424 1.090583
425 1.090583
426 1.090583
427 1.090583
428 1.090583
429 1.090583
430 1.090583
431 1.090583
432 1.090583
433 1.090583
434 1.090583
435 1.090583
436 1.090583
437 1.090583
438 1.090583
439 1.090583
440 1.090583
441 1.090583
442 1.090583
443 1.090583
444 1.090583
445 1.090583
446 1.090583
447 1.090583
448 1.090583
449 1.090583
450 1.090583
451 1.090583
452 1.090583
453 1.090583
454 1.090583
455 1.090583
456 1.090583
457 1.090583
458 1.090583
459 1.090583
460 1.090583
461 1.090583
462 1.090583
463 1.090583
464 1.090583
465 1.090583
466 1.090583
467 1.090583
468 1.090583
469 1.090583
470 1.090583
471 1.090583
472 1.090583
473 1.090583
474 1.090583
475 1.090583
476 1.090583
477 1.090583
478 1.090583
479 1.090583
480 1.090583
481 1.090583
482 1.090583
483 1.090583
484 1.090583
485 1.090583
486 1.090583
487 1.090583
488 1.090583
489 1.090583
490 1.090583
491 1.090583
492 1.090583
493 1.090583
494 1.090583
495 1.090583
496 1.090583
497 1.090583
498 1.090583
499 1.090583
500 1.090583
501 1.090583
502 1.090583
503 1.090583
504 1.090583
505 1.090583
506 1.090583
507 1.090583
508 1.090583
509 1.090583
510 1.090583
511 1.090583
512 1.090583
513 1.090583
514 1.090583
515 1.090583
516 1.090583
517 1.090583
518 1.090583
519 1.090583
520 1.090583
521 1.090583
522 1.090583
523 1.090583
524 1.090583
525 1.090583
526 1.090583
527 1.090583
528 1.090583
529 1.090583
530 1.090583
531 1.090583
532 1.090583
533 1.090583
534 1.090583
535 1.090583
536 1.090583
537 1.090583
538 1.090583
539 1.090583
540 1.090583
541 1.090583
542 1.090583
543 1.090583
544 1.090583
545 1.090583
546 1.090583
547 1.090583
548 1.090583
549 1.090583
550 1.090583
551 1.090583
552 1.090583
553 1.090583
554 1.090583
555 1.090583
556 1.090583
557 1.090583
558 1.090583
559 1.090583
560 1.090583
561 1.090583
562 1.090583
563 1.090583
564 1.090583
565 1.090583
566 1.090583
567 1.090583
568 1.090583
569 1.090583
570 1.090583
571 1.090583
572 1.090583
573 1.090583
574 1.090583
575 1.090583
576 1.090583
577 1.090583
578 1.090583
579 1.090583
580 1.090583
581 1.090583
582 1.090583
583 1.090583
584 1.090583
585 1.090583
586 1.090583
587 1.090583
588 1.090583
589 1.090583
590 1.090583
591 1.090583
592 1.090583
593 1.090583
594 1.090583
595 1.090583
596 1.090583
597 1.090583
598 1.090583
599 1.090583
600 1.090583
601 1.090583
602 1.090583
603 1.090583
604 1.090583
605 1.090583
606 1.090583
607 1.090583
608 1.090583
609 1.090583
610 1.090583
611 1.090583
612 1.090583
613 1.090583
614 1.090583
615 1.090583
616 1.090583
617 1.090583
618 1.090583
619 1.090583
620 1.090583
621 1.090583
622 1.090583
623 1.090583
624 1.090583
625 1.090583
626 1.090583
627 1.090583
628 1.090583
629 1.090583
630 1.090583
631 1.090583
632 1.090583
633 1.090583
634 1.090583
635 1.090583
636 1.090583
637 1.090583
638 1.090583
639 1.090583
640 1.090583
641 1.090583
642 1.090583
643 1.090583
644 1.090583
645 1.090583
646 1.090583
647 1.090583
648 1.090583
649 1.090583
650 1.090583
651 1.090583
652 1.090583
653 1.090583
654 1.090583
655 1.090583
656 1.090583
657 1.090583
658 1.090583
659 1.090583
660 1.090583
661 1.090583
662 1.090583
663 1.090583
664 1.090583
665 1.090583
666 1.090583
667 1.090583
668 1.090583
669 1.090583
670 1.090583
671 1.090583
672 1.090583
673 1.090583
674 1.090583
675 1.090583
676 1.090583
677 1.090583
678 1.090583
679 1.090583
680 1.090583
681 1.090583
682 1.090583
683 1.090583
684 1.090583
685 1.090583
686 1.090583
687 1.090583
688 1.090583
689 1.090583
690 1.090583
691 1.090583
692 1.090583
693 1.090583
694 1.090583
695 1.090583
696 1.090583
697 1.090583
698 1.090583
699 1.090583
700 1.090583
