1 1.164016
2 1.150715
3 1.142398
4 1.135546
5 1.130782
6 1.125953
7 1.120637
8 1.115696
9 1.110072
10 1.105035
11 1.099381
12 1.093217
13 1.089231
14 1.084580
15 1.079442
16 1.075082
17 1.071973
18 1.068645
19 1.065774
20 1.062493
21 1.058767
22 1.055700
23 1.053606
24 1.050468
25 1.047596
26 1.045158
27 1.042216
28 1.039410
29 1.036538
30 1.034996
31 1.032943
32 1.031229
33 1.029437
34 1.027450
35 1.026862
36 1.026945
37 1.025765
38 1.025409
39 1.025106
40 1.023801
41 1.023605
42 1.022876
43 1.022757
44 1.022983
45 1.023404
46 1.023048
47 1.022846
48 1.023060
49 1.022988
50 1.023457
51 1.024116
52 1.024288
53 1.025207
54 1.024531
55 1.026317
56 1.026447
57 1.027005
58 1.027580
59 1.028387
60 1.029514
61 1.030902
62 1.031015
63 1.032006
64 1.033127
65 1.033756
66 1.035684
67 1.036615
68 1.037867
69 1.039060
70 1.040472
71 1.040792
72 1.043117
73 1.044316
74 1.045235
75 1.046718
76 1.048652
77 1.049453
78 1.051512
79 1.053173
80 1.053725
81 1.054437
82 1.055736
83 1.055718
84 1.057083
85 1.058352
86 1.059082
87 1.061045
88 1.062155
89 1.064385
90 1.065257
91 1.066171
92 1.067992
93 1.069737
94 1.071208
95 1.073225
96 1.074411
97 1.076399
98 1.077140
99 1.077864
100 1.078095
101 1.079632
102 1.080065
103 1.081643
104 1.082764
105 1.083880
106 1.085742
107 1.087439
108 1.088614
109 1.089765
110 1.090803
111 1.091242
112 1.092535
113 1.093538
114 1.095774
115 1.096634
116 1.097957
117 1.098877
118 1.101375
119 1.102781
120 1.103202
121 1.103611
122 1.104732
123 1.104958
124 1.106002
125 1.106921
126 1.108013
127 1.109662
128 1.110902
129 1.111845
130 1.112474
131 1.114616
132 1.116206
133 1.118069
134 1.118781
135 1.118597
136 1.118763
137 1.119765
138 1.119967
139 1.122310
140 1.122512
141 1.122915
142 1.124084
143 1.124784
144 1.126030
145 1.126012
146 1.127537
147 1.127139
148 1.127721
149 1.129127
150 1.129862
151 1.130515
152 1.132532
153 1.134033
154 1.135297
155 1.135445
156 1.136453
157 1.135569
158 1.135878
159 1.136181
160 1.136679
161 1.137676
162 1.139206
163 1.139194
164 1.139912
165 1.140410
166 1.141395
167 1.142178
168 1.141235
169 1.141081
170 1.141407
171 1.141484
172 1.143169
173 1.144100
174 1.144112
175 1.144800
176 1.145180
177 1.146017
178 1.146877
179 1.147915
180 1.148562
181 1.149641
182 1.149932
183 1.149849
184 1.151510
185 1.151919
186 1.153681
187 1.155248
188 1.154797
189 1.154743
190 1.155503
191 1.155081
192 1.154880
193 1.155894
194 1.154518
195 1.153575
196 1.153242
197 1.153557
198 1.153438
199 1.153426
200 1.154464
201 1.154850
202 1.156191
203 1.157342
204 1.156078
205 1.156019
206 1.156535
207 1.156772
208 1.156143
209 1.155580
210 1.154998
211 1.155360
212 1.157093
213 1.158160
214 1.158285
215 1.158599
216 1.157982
217 1.158006
218 1.158949
219 1.158955
220 1.160860
221 1.161477
222 1.161993
223 1.162426
224 1.162645
225 1.163784
226 1.163957
227 1.163120
228 1.162883
229 1.162580
230 1.161856
231 1.162337
232 1.163001
233 1.162978
234 1.163933
235 1.164063
236 1.165048
237 1.165185
238 1.165724
239 1.164716
240 1.165256
241 1.164906
242 1.165985
243 1.165902
244 1.166602
245 1.166786
246 1.167000
247 1.167225
248 1.167623
249 1.167308
250 1.166899
251 1.167403
252 1.168299
253 1.168275
254 1.168880
255 1.168892
256 1.169302
257 1.169503
258 1.169598
259 1.170097
260 1.170257
261 1.169895
262 1.170168
263 1.169586
264 1.170328
265 1.170174
266 1.169302
267 1.169171
268 1.170037
269 1.169420
270 1.169628
271 1.170197
272 1.170464
273 1.170903
274 1.170257
275 1.170559
276 1.170375
277 1.171111
278 1.171740
279 1.171770
280 1.171989
281 1.172624
282 1.171918
283 1.172262
284 1.172576
285 1.172885
286 1.172576
287 1.173342
288 1.173300
289 1.173217
290 1.172345
291 1.173205
292 1.174202
293 1.174410
294 1.175519
295 1.175394
296 1.175703
297 1.176183
298 1.175946
299 1.175804
300 1.175228
301 1.174113
302 1.174404
303 1.173959
304 1.174671
305 1.174083
306 1.174071
307 1.173514
308 1.173573
309 1.173840
310 1.174819
311 1.175916
312 1.175056
313 1.175371
314 1.176296
315 1.177044
316 1.177672
317 1.177204
318 1.177222
319 1.177263
320 1.176148
321 1.175916
322 1.177150
323 1.176219
324 1.175240
325 1.175448
326 1.176741
327 1.176456
328 1.176581
329 1.176800
330 1.177198
331 1.177601
332 1.177465
333 1.177447
334 1.176735
335 1.177334
336 1.176575
337 1.175483
338 1.174807
339 1.175187
340 1.176379
341 1.176231
342 1.175839
343 1.176403
344 1.176504
345 1.176166
346 1.175833
347 1.174949
348 1.175507
349 1.175062
350 1.174611
351 1.175288
352 1.175080
353 1.175750
354 1.175822
355 1.175727
356 1.176065
357 1.175519
358 1.176468
359 1.177115
360 1.175299
361 1.175222
362 1.176332
363 1.176284
364 1.176415
365 1.176516
366 1.176296
367 1.175715
368 1.176207
369 1.176231
370 1.177358
371 1.177518
372 1.177352
373 1.176866
374 1.177026
375 1.176308
376 1.176166
377 1.176824
378 1.176421
379 1.176444
380 1.176088
381 1.175721
382 1.175798
383 1.175638
384 1.175970
385 1.175839
386 1.176118
387 1.176670
388 1.176741
389 1.176729
390 1.175822
391 1.177044
392 1.177773
393 1.176872
394 1.176806
395 1.176996
396 1.177672
397 1.177281
398 1.176593
399 1.176332
400 1.176616
401 1.177281
402 1.178254
403 1.178135
404 1.177542
405 1.177767
406 1.176866
407 1.176266
408 1.176794
409 1.176741
410 1.177263
411 1.177785
412 1.177667
413 1.178200
414 1.178224
415 1.177714
416 1.177868
417 1.177376
418 1.176682
419 1.176071
420 1.175501
421 1.176088
422 1.175863
423 1.175596
424 1.174920
425 1.175798
426 1.175436
427 1.175501
428 1.176083
429 1.175614
430 1.176172
431 1.177032
432 1.177583
433 1.178064
434 1.178989
435 1.178687
436 1.180075
437 1.180051
438 1.180105
439 1.179446
440 1.179707
441 1.179927
442 1.179642
443 1.180597
444 1.180573
445 1.180894
446 1.180923
447 1.180763
448 1.180306
449 1.179778
450 1.179339
451 1.179897
452 1.180556
453 1.181333
454 1.182211
455 1.181285
456 1.181446
457 1.180787
458 1.181113
459 1.180111
460 1.179784
461 1.179672
462 1.179339
463 1.178639
464 1.178206
465 1.177435
466 1.177874
467 1.178699
468 1.179078
469 1.179227
470 1.179862
471 1.180111
472 1.180656
473 1.180597
474 1.181291
475 1.180603
476 1.180811
477 1.179399
478 1.180194
479 1.179713
480 1.180111
481 1.180674
482 1.179654
483 1.180615
484 1.180449
485 1.180615
486 1.180793
487 1.180378
488 1.179334
489 1.179280
490 1.179713
491 1.180063
492 1.179850
493 1.179933
494 1.180128
495 1.180390
496 1.180134
497 1.180627
498 1.179945
499 1.180633
500 1.179553
501 1.180615
502 1.179927
503 1.180176
504 1.179974
505 1.179820
506 1.180271
507 1.181499
508 1.180034
509 1.179986
510 1.180158
511 1.180502
512 1.181659
513 1.181618
514 1.181748
515 1.181416
516 1.181184
517 1.181487
518 1.181434
519 1.182846
520 1.182869
521 1.183035
522 1.182846
523 1.181214
524 1.180532
525 1.180906
526 1.179375
527 1.178800
528 1.179743
529 1.179132
530 1.179838
531 1.179630
532 1.179814
533 1.179761
534 1.179784
535 1.179885
536 1.178871
537 1.178669
538 1.178877
539 1.178740
540 1.178064
541 1.177690
542 1.178028
543 1.177162
544 1.177263
545 1.177578
546 1.178770
547 1.179595
548 1.180051
549 1.179862
550 1.180176
551 1.179885
552 1.180467
553 1.179749
554 1.180069
555 1.180692
556 1.180757
557 1.180781
558 1.180247
559 1.181357
560 1.181529
561 1.181534
562 1.182454
563 1.182656
564 1.181748
565 1.181398
566 1.181849
567 1.182887
568 1.181991
569 1.181552
570 1.181060
571 1.180538
572 1.180040
573 1.181001
574 1.181273
575 1.179417
576 1.178384
577 1.178491
578 1.178699
579 1.178948
580 1.178705
581 1.179298
582 1.179411
583 1.179215
584 1.178966
585 1.179749
586 1.179339
587 1.179885
588 1.179209
589 1.179577
590 1.180372
591 1.179945
592 1.179298
593 1.179719
594 1.179197
595 1.179061
596 1.178509
597 1.178859
598 1.179013
599 1.179239
600 1.179203
601 1.178432
602 1.179363
603 1.179601
604 1.178343
605 1.178390
606 1.178776
607 1.178711
608 1.180051
609 1.179790
610 1.179630
611 1.179630
612 1.180378
613 1.180431
614 1.180918
615 1.180834
616 1.179446
617 1.180022
618 1.180615
619 1.180941
620 1.181665
621 1.181618
622 1.181297
623 1.182418
624 1.182258
625 1.182935
626 1.183059
627 1.183024
628 1.183101
629 1.182899
630 1.182857
631 1.182389
632 1.182804
633 1.182027
634 1.181380
635 1.182009
636 1.182051
637 1.182134
638 1.181885
639 1.180941
640 1.180734
641 1.181202
642 1.181825
643 1.181801
644 1.180941
645 1.181434
646 1.181398
647 1.182816
648 1.183107
649 1.182407
650 1.182104
651 1.182294
652 1.182614
653 1.182430
654 1.182270
655 1.182739
656 1.182679
657 1.182964
658 1.182365
659 1.181772
660 1.182460
661 1.183676
662 1.182656
663 1.182199
664 1.181440
665 1.181837
666 1.180668
667 1.180378
668 1.178841
669 1.177939
670 1.177180
671 1.177999
672 1.178070
673 1.177643
674 1.177839
675 1.177613
676 1.177032
677 1.177489
678 1.178052
679 1.179678
680 1.179642
681 1.179476
682 1.179102
683 1.178740
684 1.179037
685 1.179731
686 1.179778
687 1.179523
688 1.178954
689 1.178562
690 1.178900
691 1.178764
692 1.179322
693 1.179245
694 1.179298
695 1.179167
696 1.179737
697 1.181018
698 1.181683
699 1.180959
700 1.182175
701 1.181790
702 1.181339
703 1.180686
704 1.180277
705 1.181030
706 1.181475
707 1.180354
708 1.181404
709 1.181938
710 1.181030
711 1.180745
712 1.180935
713 1.180419
714 1.181131
715 1.180372
716 1.181137
717 1.180455
718 1.180467
719 1.179873
720 1.180306
721 1.179541
722 1.178942
723 1.179156
724 1.178052
725 1.178841
726 1.178628
727 1.177672
728 1.176142
729 1.176563
730 1.176646
731 1.177394
732 1.177293
733 1.176996
734 1.176551
735 1.177738
736 1.178254
737 1.180117
738 1.181048
739 1.181012
740 1.181885
741 1.181701
742 1.182490
743 1.182341
744 1.183190
745 1.183765
746 1.182810
747 1.182537
748 1.181534
749 1.181327
750 1.181742
751 1.181072
752 1.181273
753 1.180929
754 1.181374
755 1.180206
756 1.180947
757 1.181155
758 1.182834
759 1.183593
760 1.182840
761 1.183652
762 1.185308
763 1.184839
764 1.185278
765 1.184851
766 1.185023
767 1.184418
768 1.184625
769 1.183842
770 1.183854
771 1.184489
772 1.184507
773 1.185017
774 1.184780
775 1.185035
776 1.184097
777 1.183670
778 1.182193
779 1.181048
780 1.180912
781 1.180597
782 1.179660
783 1.179381
784 1.179203
785 1.178883
786 1.179197
787 1.178989
788 1.178669
789 1.178687
790 1.178681
791 1.179316
792 1.179559
793 1.179945
794 1.179974
795 1.179138
796 1.178782
797 1.179221
798 1.179761
799 1.180775
800 1.181285
801 1.180906
802 1.179535
803 1.178266
804 1.179132
805 1.179547
806 1.180206
807 1.181131
808 1.180894
809 1.180728
810 1.180639
811 1.181618
812 1.181374
813 1.182122
814 1.182057
815 1.181410
816 1.181078
817 1.181066
818 1.181095
819 1.182335
820 1.182768
821 1.182478
822 1.182893
823 1.182863
824 1.182282
825 1.183130
826 1.183575
827 1.183807
828 1.184151
829 1.183041
830 1.183083
831 1.183504
832 1.182911
833 1.184026
834 1.183498
835 1.183391
836 1.182596
837 1.182045
838 1.181689
839 1.182062
840 1.182181
841 1.182282
842 1.182074
843 1.182104
844 1.181979
845 1.182745
846 1.183522
847 1.183747
848 1.183569
849 1.184026
850 1.184347
851 1.185047
852 1.185112
853 1.184969
854 1.184857
855 1.183913
856 1.182994
857 1.181552
858 1.181796
859 1.180983
860 1.181066
861 1.180834
862 1.180022
863 1.180063
864 1.179915
865 1.179725
866 1.178770
867 1.178645
868 1.178722
869 1.179191
870 1.179500
871 1.178954
872 1.178153
873 1.177708
874 1.179328
875 1.179862
876 1.180668
877 1.180876
878 1.180912
879 1.180751
880 1.181339
881 1.182590
882 1.181558
883 1.182080
884 1.182525
885 1.183314
886 1.183528
887 1.183878
888 1.184857
889 1.184940
890 1.184376
891 1.183374
892 1.183065
893 1.182335
894 1.182674
895 1.181754
896 1.182377
897 1.183457
898 1.183813
899 1.183047
900 1.182852
901 1.182116
902 1.181404
903 1.182507
904 1.182389
905 1.182697
906 1.183095
907 1.183225
908 1.184471
909 1.183872
910 1.184554
911 1.184085
912 1.183338
913 1.182733
914 1.182614
915 1.182068
916 1.183083
917 1.182496
918 1.181796
919 1.181742
920 1.181457
921 1.181374
922 1.181137
923 1.181968
924 1.182080
925 1.183059
926 1.182685
927 1.181511
928 1.180941
929 1.179559
930 1.179280
931 1.178669
932 1.179921
933 1.179612
934 1.179262
935 1.178788
936 1.177619
937 1.177109
938 1.177667
939 1.176984
940 1.176830
941 1.176925
942 1.175816
943 1.175483
944 1.175531
945 1.176349
946 1.176355
947 1.176261
948 1.176189
949 1.177441
950 1.178473
951 1.179411
952 1.180989
953 1.180906
954 1.181469
955 1.182080
956 1.182039
957 1.180087
958 1.179672
959 1.180051
960 1.179500
961 1.179215
962 1.179055
963 1.179399
964 1.179428
965 1.180051
966 1.180870
967 1.180989
968 1.181529
969 1.182134
970 1.181629
971 1.181612
972 1.181327
973 1.181653
974 1.181279
975 1.181825
976 1.181683
977 1.182116
978 1.182240
979 1.182318
980 1.182003
981 1.181997
982 1.182057
983 1.182780
984 1.181867
985 1.182045
986 1.182134
987 1.182644
988 1.183730
989 1.183035
990 1.182430
991 1.182235
992 1.182347
993 1.181173
994 1.181137
995 1.181345
996 1.181671
997 1.181683
998 1.182691
999 1.182638
1000 1.184109
1001 1.185076
1002 1.183777
1003 1.183380
1004 1.183142
1005 1.183498
1006 1.183931
1007 1.184394
1008 1.184584
1009 1.184234
1010 1.183777
1011 1.184258
1012 1.184548
1013 1.185147
1014 1.185391
1015 1.186174
1016 1.186227
1017 1.185456
1018 1.185818
1019 1.185385
1020 1.184958
1021 1.185225
1022 1.185118
1023 1.184673
1024 1.184483
1025 1.184299
1026 1.184382
1027 1.184435
1028 1.186049
1029 1.187360
1030 1.187253
1031 1.188357
1032 1.187348
1033 1.188078
1034 1.189009
1035 1.189686
1036 1.188707
1037 1.188802
1038 1.188203
1039 1.187129
1040 1.186156
1041 1.185669
1042 1.185551
1043 1.185136
1044 1.184750
1045 1.184613
1046 1.184169
1047 1.184892
1048 1.185242
1049 1.184702
1050 1.184038
1051 1.184062
1052 1.183113
1053 1.183273
1054 1.182596
1055 1.181849
1056 1.181665
1057 1.181540
1058 1.182329
1059 1.182846
1060 1.182602
1061 1.181920
1062 1.182009
1063 1.181534
1064 1.181451
1065 1.180271
1066 1.180918
1067 1.181107
1068 1.182371
1069 1.181742
1070 1.182318
1071 1.183024
1072 1.183646
1073 1.183160
1074 1.182715
1075 1.182763
1076 1.182763
1077 1.182763
1078 1.182763
1079 1.182763
1080 1.182763
1081 1.182763
1082 1.182763
1083 1.182763
1084 1.182763
